Linux 6.12.94+deb13-cloud-amd64 (madrona) 	09/10/26 	_x86_64_	(16 CPU)

08:00:06        CPU     %user     %nice   %system   %iowait    %steal     %idle
08:01:06        all     43.42      0.00     24.65      5.64      0.00     26.29
08:02:06        all     63.29      0.00     31.13      2.43      0.00      3.15
08:03:06        all     63.05      0.00     30.47      3.03      0.00      3.45
08:04:06        all     64.92      0.00     28.33      3.15      0.00      3.60
08:05:06        all     64.43      0.00     29.01      3.09      0.00      3.47
08:06:06        all     65.67      0.00     27.60      3.04      0.00      3.68
08:07:06        all     64.30      0.00     28.99      3.22      0.00      3.49
08:08:06        all     66.11      0.00     27.16      3.04      0.00      3.69
08:09:06        all     64.76      0.00     28.47      3.26      0.00      3.51
08:10:06        all     65.93      0.00     27.30      3.03      0.00      3.75
08:11:06        all     64.97      0.00     28.24      3.27      0.00      3.52
08:12:06        all     66.06      0.00     27.28      3.02      0.00      3.64
08:13:06        all     66.18      0.00     27.02      3.16      0.00      3.64
08:14:06        all     64.68      0.00     28.53      3.25      0.00      3.53
08:15:06        all     66.40      0.00     26.80      3.08      0.00      3.72
08:16:06        all     65.16      0.00     28.14      3.21      0.00      3.48
08:17:06        all     66.46      0.00     26.91      2.96      0.00      3.68
08:18:06        all     64.84      0.00     28.31      3.26      0.00      3.59
08:19:06        all     66.38      0.00     26.88      3.02      0.00      3.72
08:20:06        all     64.89      0.00     28.34      3.28      0.00      3.48
08:21:06        all     66.33      0.00     26.86      3.10      0.00      3.71
08:22:06        all     65.01      0.00     28.11      3.39      0.00      3.49
08:23:06        all     65.99      0.00     27.25      3.06      0.00      3.70
08:24:06        all     64.84      0.00     28.32      3.37      0.00      3.46
08:25:06        all     66.07      0.00     27.21      3.07      0.00      3.65
08:26:06        all     64.85      0.00     28.39      3.26      0.00      3.49
08:27:06        all     66.33      0.00     26.89      3.10      0.00      3.68
08:28:06        all     64.96      0.00     28.15      3.33      0.00      3.56
08:29:06        all     66.27      0.00     26.99      3.09      0.00      3.65
08:30:06        all     66.45      0.00     26.75      3.19      0.00      3.61
08:31:06        all     64.84      0.00     28.43      3.16      0.00      3.56
08:32:06        all     66.47      0.00     26.77      3.08      0.00      3.68
08:33:06        all     64.91      0.00     28.29      3.28      0.00      3.52
08:34:06        all     66.36      0.00     26.93      3.08      0.00      3.64
08:35:06        all     64.51      0.00     28.64      3.37      0.00      3.48
08:36:06        all     66.23      0.00     26.91      3.08      0.00      3.78
08:37:06        all     65.00      0.00     28.12      3.35      0.00      3.53
08:38:06        all     66.44      0.00     26.71      3.09      0.00      3.76
08:39:06        all     64.84      0.00     28.37      3.32      0.00      3.47
08:40:06        all     66.16      0.00     27.02      3.08      0.00      3.73
08:41:06        all     64.97      0.00     28.09      3.43      0.00      3.50
08:42:06        all     66.18      0.00     27.03      3.09      0.00      3.70
08:43:06        all     66.21      0.00     26.95      3.15      0.00      3.69
08:44:06        all     65.11      0.00     28.10      3.27      0.00      3.52
08:45:06        all     66.40      0.00     26.80      3.11      0.00      3.69
08:46:06        all     65.00      0.00     28.22      3.30      0.00      3.48
08:47:06        all     66.36      0.00     26.86      3.05      0.00      3.73
08:48:06        all     65.06      0.00     28.00      3.42      0.00      3.51
08:49:06        all     66.06      0.00     27.08      3.13      0.00      3.73
08:50:06        all     64.84      0.00     28.39      3.23      0.00      3.53
08:51:06        all     66.23      0.00     26.88      3.13      0.00      3.76
08:52:06        all     64.76      0.00     28.38      3.32      0.00      3.54
08:53:06        all     66.21      0.00     27.03      3.12      0.00      3.64
08:54:06        all     64.43      0.00     28.74      3.32      0.00      3.51
08:55:06        all     66.22      0.00     27.02      3.06      0.00      3.70
08:56:06        all     65.12      0.00     28.08      3.32      0.00      3.47
08:57:06        all     65.92      0.00     27.28      3.13      0.00      3.68
08:58:06        all     66.43      0.00     26.72      3.17      0.00      3.68
08:59:06        all     65.55      0.00     27.78      3.16      0.00      3.50
09:00:06        all     66.37      0.00     26.89      3.03      0.00      3.71
09:01:06        all     64.83      0.00     28.36      3.19      0.00      3.61
