Linux 6.12.94+deb13-cloud-amd64 (madrona) 	09/09/26 	_x86_64_	(16 CPU)

09:24:42        CPU     %user     %nice   %system   %iowait    %steal     %idle
09:25:42        all     58.53      0.00      9.54      1.09      0.00     30.84
09:26:42        all     93.18      0.00      6.57      0.05      0.00      0.20
09:27:42        all     94.45      0.00      5.33      0.04      0.00      0.18
09:28:42        all     94.65      0.00      5.16      0.04      0.00      0.16
09:29:42        all     94.69      0.00      5.12      0.04      0.00      0.14
09:30:42        all     94.54      0.00      5.28      0.03      0.00      0.14
09:31:42        all     94.71      0.00      5.11      0.04      0.00      0.15
09:32:42        all     94.66      0.00      5.14      0.03      0.00      0.16
09:33:42        all     94.74      0.00      5.08      0.04      0.00      0.14
09:34:42        all     94.70      0.00      5.12      0.03      0.00      0.14
09:35:42        all     94.72      0.00      5.08      0.04      0.00      0.16
09:36:42        all     94.72      0.00      5.08      0.03      0.00      0.16
09:37:42        all     94.73      0.00      5.05      0.04      0.00      0.18
09:38:42        all     94.68      0.00      5.12      0.03      0.00      0.16
09:39:42        all     94.64      0.00      5.15      0.04      0.00      0.16
09:40:42        all     94.76      0.00      5.05      0.03      0.00      0.16
09:41:42        all     94.74      0.00      5.06      0.04      0.00      0.16
09:42:42        all     94.54      0.00      5.26      0.04      0.00      0.17
09:43:42        all     94.63      0.00      5.15      0.04      0.00      0.18
09:44:42        all     94.58      0.00      5.22      0.03      0.00      0.17
09:45:42        all     94.73      0.00      5.07      0.03      0.00      0.16
09:46:42        all     94.61      0.00      5.18      0.04      0.00      0.16
09:47:42        all     94.60      0.00      5.21      0.04      0.00      0.16
09:48:42        all     94.71      0.00      5.09      0.04      0.00      0.16
09:49:42        all     94.70      0.00      5.11      0.04      0.00      0.15
09:50:42        all     94.74      0.00      5.05      0.04      0.00      0.17
09:51:42        all     94.80      0.00      5.01      0.04      0.00      0.15
09:52:42        all     94.84      0.00      4.98      0.03      0.00      0.15
09:53:42        all     94.84      0.00      4.97      0.03      0.00      0.15
09:54:42        all     94.83      0.00      4.97      0.04      0.00      0.16
09:55:42        all     94.78      0.00      5.04      0.03      0.00      0.15
09:56:42        all     94.65      0.00      5.15      0.04      0.00      0.16
09:57:42        all     94.68      0.00      5.13      0.03      0.00      0.16
09:58:42        all     94.71      0.00      5.10      0.04      0.00      0.15
09:59:42        all     94.66      0.00      5.16      0.03      0.00      0.15
10:00:42        all     94.74      0.00      5.06      0.04      0.00      0.16
10:01:42        all     94.71      0.00      5.11      0.03      0.00      0.15
10:02:42        all     94.75      0.00      5.07      0.03      0.00      0.14
10:03:42        all     94.66      0.00      5.14      0.04      0.00      0.16
10:04:42        all     94.68      0.00      5.13      0.04      0.00      0.15
10:05:42        all     94.69      0.00      5.13      0.03      0.00      0.15
10:06:42        all     94.71      0.00      5.11      0.03      0.00      0.14
10:07:42        all     94.84      0.00      4.98      0.03      0.00      0.15
10:08:42        all     94.76      0.00      5.05      0.03      0.00      0.15
10:09:42        all     94.72      0.00      5.09      0.04      0.00      0.16
10:10:42        all     94.83      0.00      4.99      0.03      0.00      0.14
10:11:42        all     94.76      0.00      5.07      0.03      0.00      0.14
10:12:42        all     94.58      0.00      5.22      0.04      0.00      0.16
10:13:42        all     94.59      0.00      5.20      0.04      0.00      0.18
10:14:42        all     94.79      0.00      5.02      0.04      0.00      0.15
10:15:42        all     94.69      0.00      5.12      0.03      0.00      0.15
10:16:42        all     94.72      0.00      5.09      0.03      0.00      0.16
10:17:42        all     94.81      0.00      5.03      0.03      0.00      0.13
10:18:42        all     94.72      0.00      5.08      0.03      0.00      0.16
10:19:42        all     94.70      0.00      5.11      0.03      0.00      0.15
10:20:42        all     94.86      0.00      4.94      0.04      0.00      0.16
10:21:42        all     94.84      0.00      4.98      0.03      0.00      0.15
10:22:42        all     94.34      0.00      5.40      0.06      0.00      0.20
10:23:42        all     94.36      0.00      5.38      0.05      0.00      0.21
10:24:42        all     94.40      0.00      5.31      0.06      0.00      0.23
10:25:42        all     94.36      0.00      5.38      0.05      0.00      0.21
