Linux 6.12.94+deb13-cloud-amd64 (madrona) 	09/08/26 	_x86_64_	(16 CPU)

19:47:41        CPU     %user     %nice   %system   %iowait    %steal     %idle
19:48:41        all     45.51      0.00      7.37      1.85      0.00     45.26
19:49:41        all     90.48      0.00      7.51      0.63      0.00      1.38
19:50:41        all     91.10      0.00      6.97      0.61      0.00      1.32
19:51:41        all     91.03      0.00      7.06      0.58      0.00      1.33
19:52:41        all     91.02      0.00      7.08      0.58      0.00      1.32
19:53:41        all     91.12      0.00      6.98      0.58      0.00      1.32
19:54:41        all     90.99      0.00      7.12      0.57      0.00      1.32
19:55:41        all     91.01      0.00      7.11      0.58      0.00      1.31
19:56:41        all     91.09      0.00      7.03      0.58      0.00      1.31
19:57:41        all     91.02      0.00      7.11      0.57      0.00      1.31
19:58:41        all     91.22      0.00      6.88      0.57      0.00      1.33
19:59:41        all     91.15      0.00      6.98      0.56      0.00      1.32
20:00:41        all     91.25      0.00      6.90      0.56      0.00      1.30
20:01:41        all     91.25      0.00      6.89      0.56      0.00      1.30
20:02:41        all     91.21      0.00      6.90      0.56      0.00      1.33
20:03:41        all     91.21      0.00      6.93      0.56      0.00      1.30
20:04:41        all     91.09      0.00      7.01      0.58      0.00      1.33
20:05:41        all     91.22      0.00      6.93      0.56      0.00      1.29
20:06:41        all     91.20      0.00      6.96      0.56      0.00      1.29
20:07:41        all     91.26      0.00      6.89      0.56      0.00      1.29
20:08:41        all     91.27      0.00      6.92      0.57      0.00      1.24
20:09:41        all     91.27      0.00      6.90      0.55      0.00      1.27
20:10:41        all     91.22      0.00      6.90      0.56      0.00      1.33
20:11:41        all     91.21      0.00      6.93      0.55      0.00      1.31
20:12:41        all     90.89      0.00      6.97      0.61      0.00      1.53
20:13:41        all     90.98      0.00      6.97      0.59      0.00      1.46
20:14:41        all     91.12      0.00      6.93      0.57      0.00      1.38
20:15:41        all     91.12      0.00      6.91      0.58      0.00      1.39
20:16:41        all     91.17      0.00      6.85      0.58      0.00      1.40
20:17:41        all     91.13      0.00      6.93      0.58      0.00      1.36
20:18:41        all     91.23      0.00      6.84      0.58      0.00      1.34
20:19:41        all     91.06      0.00      7.04      0.56      0.00      1.34
20:20:41        all     91.19      0.00      6.90      0.56      0.00      1.36
20:21:41        all     91.17      0.00      6.94      0.57      0.00      1.31
20:22:41        all     90.99      0.00      7.17      0.56      0.00      1.28
20:23:41        all     91.34      0.00      6.81      0.55      0.00      1.30
20:24:41        all     91.22      0.00      6.90      0.56      0.00      1.32
20:25:41        all     91.26      0.00      6.85      0.57      0.00      1.32
20:26:41        all     91.25      0.00      6.90      0.56      0.00      1.29
20:27:41        all     91.23      0.00      6.89      0.57      0.00      1.30
20:28:41        all     91.29      0.00      6.87      0.55      0.00      1.28
20:29:41        all     91.38      0.00      6.80      0.55      0.00      1.27
20:30:41        all     91.28      0.00      6.90      0.55      0.00      1.27
20:31:41        all     91.30      0.00      6.87      0.56      0.00      1.27
20:32:41        all     91.21      0.00      6.92      0.55      0.00      1.32
20:33:41        all     91.30      0.00      6.87      0.53      0.00      1.30
20:34:41        all     91.43      0.00      6.73      0.55      0.00      1.29
20:35:41        all     91.31      0.00      6.87      0.55      0.00      1.27
20:36:41        all     91.29      0.00      6.87      0.55      0.00      1.29
20:37:41        all     91.37      0.00      6.80      0.55      0.00      1.27
20:38:41        all     91.36      0.00      6.82      0.56      0.00      1.26
20:39:41        all     91.36      0.00      6.81      0.56      0.00      1.27
20:40:41        all     91.35      0.00      6.84      0.56      0.00      1.26
20:41:41        all     91.37      0.00      6.82      0.54      0.00      1.28
20:42:41        all     90.84      0.00      7.02      0.60      0.00      1.54
20:43:41        all     91.06      0.00      6.91      0.59      0.00      1.44
20:44:41        all     90.83      0.00      7.16      0.59      0.00      1.43
20:45:41        all     91.18      0.00      6.86      0.57      0.00      1.39
20:46:41        all     91.16      0.00      6.90      0.57      0.00      1.37
20:47:41        all     91.27      0.00      6.79      0.56      0.00      1.38
20:48:41        all     91.30      0.00      6.79      0.56      0.00      1.35
