Linux 6.12.94+deb13-cloud-amd64 (madrona) 	09/08/26 	_x86_64_	(16 CPU)

11:25:51        CPU     %user     %nice   %system   %iowait    %steal     %idle
11:26:51        all     27.75      0.00      5.11      1.61      0.00     65.53
11:27:51        all     57.39      0.00      6.40      2.91      0.00     33.29
11:28:51        all     57.55      0.00      6.40      3.01      0.00     33.05
11:29:51        all     57.75      0.00      6.24      3.03      0.00     32.98
11:30:51        all     57.68      0.00      6.37      3.11      0.00     32.84
11:31:51        all     57.83      0.00      6.27      3.06      0.00     32.85
11:32:51        all     57.85      0.00      6.33      3.14      0.00     32.68
11:33:51        all     57.96      0.00      6.24      3.14      0.00     32.66
11:34:51        all     57.98      0.00      6.23      3.15      0.00     32.65
11:35:51        all     58.03      0.00      6.26      3.17      0.00     32.54
11:36:51        all     58.08      0.00      6.33      3.19      0.00     32.40
11:37:51        all     58.11      0.00      6.18      3.21      0.00     32.51
11:38:51        all     58.11      0.00      6.28      3.23      0.00     32.38
11:39:51        all     58.06      0.00      6.32      3.20      0.00     32.41
11:40:51        all     58.08      0.00      6.31      3.19      0.00     32.42
11:41:51        all     58.10      0.00      6.25      3.29      0.00     32.36
11:42:51        all     57.70      0.00      6.32      3.52      0.00     32.45
11:43:51        all     57.84      0.00      6.30      3.47      0.00     32.40
11:44:51        all     57.90      0.00      6.29      3.42      0.00     32.38
11:45:51        all     58.00      0.00      6.30      3.39      0.00     32.31
11:46:51        all     57.99      0.00      6.27      3.35      0.00     32.39
11:47:51        all     57.98      0.00      6.22      3.30      0.00     32.51
11:48:51        all     58.06      0.00      6.26      3.34      0.00     32.34
11:49:51        all     58.08      0.00      6.29      3.34      0.00     32.30
11:50:51        all     58.04      0.00      6.22      3.28      0.00     32.45
11:51:51        all     58.12      0.00      6.30      3.27      0.00     32.32
11:52:51        all     58.04      0.00      6.22      3.27      0.00     32.47
11:53:51        all     58.15      0.00      6.23      3.29      0.00     32.33
11:54:51        all     58.07      0.00      6.28      3.28      0.00     32.37
11:55:51        all     57.99      0.00      6.33      3.26      0.00     32.42
11:56:51        all     58.14      0.00      6.23      3.26      0.00     32.37
11:57:51        all     58.22      0.00      6.28      3.25      0.00     32.25
11:58:51        all     58.18      0.00      6.26      3.29      0.00     32.27
11:59:51        all     58.14      0.00      6.36      3.28      0.00     32.22
12:00:51        all     58.11      0.00      6.27      3.27      0.00     32.36
12:01:51        all     58.20      0.00      6.17      3.21      0.00     32.43
12:02:51        all     58.10      0.00      6.29      3.22      0.00     32.39
12:03:51        all     58.21      0.00      6.19      3.24      0.00     32.37
12:04:51        all     58.11      0.00      6.29      3.28      0.00     32.32
12:05:51        all     58.11      0.00      6.24      3.22      0.00     32.43
12:06:51        all     58.18      0.00      6.27      3.23      0.00     32.32
12:07:51        all     58.12      0.00      6.27      3.23      0.00     32.38
12:08:51        all     58.20      0.00      6.18      3.26      0.00     32.36
12:09:51        all     58.10      0.00      6.31      3.24      0.00     32.36
12:10:51        all     58.11      0.00      6.23      3.22      0.00     32.44
12:11:51        all     58.07      0.00      6.25      3.28      0.00     32.40
12:12:51        all     57.83      0.00      6.33      3.54      0.00     32.30
12:13:51        all     57.92      0.00      6.29      3.47      0.00     32.33
12:14:51        all     57.92      0.00      6.29      3.47      0.00     32.31
12:15:51        all     57.98      0.00      6.23      3.38      0.00     32.41
12:16:51        all     58.04      0.00      6.14      3.33      0.00     32.49
12:17:51        all     57.99      0.00      6.22      3.33      0.00     32.46
12:18:51        all     58.05      0.00      6.26      3.31      0.00     32.38
12:19:51        all     58.03      0.00      6.29      3.34      0.00     32.34
12:20:51        all     58.03      0.00      6.24      3.33      0.00     32.41
12:21:51        all     58.09      0.00      6.29      3.29      0.00     32.32
12:22:51        all     58.21      0.00      6.15      3.29      0.00     32.35
12:23:51        all     58.02      0.00      6.33      3.28      0.00     32.37
12:24:51        all     58.05      0.00      6.31      3.31      0.00     32.34
12:25:51        all     58.08      0.00      6.25      3.31      0.00     32.35
12:26:51        all     58.08      0.00      6.28      3.26      0.00     32.38
