Linux 6.12.94+deb13-cloud-amd64 (madrona) 	09/09/26 	_x86_64_	(16 CPU)

08:21:54        CPU     %user     %nice   %system   %iowait    %steal     %idle
08:22:54        all     59.09      0.00      9.51      1.10      0.00     30.30
08:23:54        all     93.29      0.00      6.43      0.06      0.00      0.22
08:24:54        all     94.37      0.00      5.38      0.05      0.00      0.20
08:25:54        all     94.48      0.00      5.30      0.05      0.00      0.18
08:26:54        all     94.51      0.00      5.28      0.05      0.00      0.16
08:27:54        all     94.62      0.00      5.16      0.05      0.00      0.18
08:28:54        all     94.54      0.00      5.24      0.04      0.00      0.18
08:29:54        all     94.74      0.00      5.05      0.04      0.00      0.17
08:30:54        all     94.67      0.00      5.12      0.04      0.00      0.16
08:31:54        all     94.65      0.00      5.15      0.04      0.00      0.16
08:32:54        all     94.49      0.00      5.28      0.04      0.00      0.18
08:33:54        all     94.54      0.00      5.25      0.04      0.00      0.17
08:34:54        all     94.65      0.00      5.13      0.04      0.00      0.18
08:35:54        all     94.72      0.00      5.05      0.04      0.00      0.18
08:36:54        all     94.69      0.00      5.10      0.04      0.00      0.17
08:37:54        all     94.67      0.00      5.12      0.04      0.00      0.16
08:38:54        all     94.76      0.00      5.03      0.04      0.00      0.17
08:39:54        all     94.62      0.00      5.19      0.04      0.00      0.16
08:40:54        all     94.71      0.00      5.08      0.04      0.00      0.17
08:41:54        all     94.68      0.00      5.10      0.04      0.00      0.18
08:42:54        all     94.60      0.00      5.15      0.04      0.00      0.20
08:43:54        all     94.47      0.00      5.29      0.04      0.00      0.19
08:44:54        all     94.62      0.00      5.15      0.05      0.00      0.19
08:45:54        all     94.71      0.00      5.07      0.04      0.00      0.18
08:46:54        all     94.64      0.00      5.15      0.04      0.00      0.17
08:47:54        all     94.72      0.00      5.07      0.04      0.00      0.16
08:48:54        all     94.72      0.00      5.06      0.04      0.00      0.18
08:49:54        all     94.67      0.00      5.11      0.04      0.00      0.18
08:50:54        all     94.67      0.00      5.11      0.04      0.00      0.18
08:51:54        all     94.63      0.00      5.16      0.04      0.00      0.17
08:52:54        all     94.75      0.00      5.04      0.04      0.00      0.17
08:53:54        all     94.61      0.00      5.18      0.04      0.00      0.17
08:54:54        all     94.72      0.00      5.09      0.04      0.00      0.16
08:55:54        all     94.72      0.00      5.06      0.04      0.00      0.18
08:56:54        all     94.68      0.00      5.11      0.04      0.00      0.18
08:57:54        all     94.71      0.00      5.06      0.05      0.00      0.18
08:58:54        all     94.75      0.00      5.04      0.05      0.00      0.17
08:59:54        all     94.70      0.00      5.09      0.04      0.00      0.16
09:00:54        all     94.77      0.00      5.00      0.04      0.00      0.18
09:01:54        all     94.69      0.00      5.09      0.04      0.00      0.18
09:02:54        all     94.77      0.00      5.02      0.04      0.00      0.17
09:03:54        all     94.71      0.00      5.08      0.04      0.00      0.17
09:04:54        all     94.63      0.00      5.14      0.04      0.00      0.18
09:05:54        all     94.77      0.00      5.02      0.04      0.00      0.17
09:06:54        all     94.84      0.00      4.94      0.04      0.00      0.18
09:07:54        all     94.80      0.00      5.01      0.03      0.00      0.15
09:08:54        all     94.69      0.00      5.09      0.04      0.00      0.17
09:09:54        all     94.70      0.00      5.07      0.04      0.00      0.19
09:10:54        all     94.79      0.00      5.00      0.04      0.00      0.17
09:11:54        all     94.83      0.00      4.97      0.03      0.00      0.17
09:12:54        all     94.58      0.00      5.18      0.05      0.00      0.20
09:13:54        all     94.66      0.00      5.10      0.04      0.00      0.19
09:14:54        all     94.69      0.00      5.08      0.05      0.00      0.18
09:15:54        all     94.69      0.00      5.08      0.04      0.00      0.19
09:16:54        all     94.71      0.00      5.07      0.04      0.00      0.18
09:17:54        all     94.67      0.00      5.09      0.04      0.00      0.19
09:18:54        all     94.65      0.00      5.12      0.05      0.00      0.18
09:19:54        all     94.67      0.00      5.10      0.05      0.00      0.18
09:20:54        all     94.67      0.00      5.12      0.04      0.00      0.17
09:21:54        all     94.69      0.00      5.11      0.04      0.00      0.17
09:22:54        all     94.72      0.00      5.06      0.05      0.00      0.18
