Linux 6.12.94+deb13-cloud-amd64 (madrona) 	09/08/26 	_x86_64_	(16 CPU)

09:20:52        CPU     %user     %nice   %system   %iowait    %steal     %idle
09:21:52        all     24.02      0.00      4.58      1.58      0.00     69.82
09:22:52        all     45.28      0.00      5.57      2.81      0.00     46.34
09:23:52        all     45.48      0.00      5.49      2.87      0.00     46.15
09:24:52        all     45.47      0.00      5.67      2.94      0.00     45.92
09:25:52        all     45.59      0.00      5.54      2.97      0.00     45.89
09:26:52        all     45.61      0.00      5.54      2.97      0.00     45.88
09:27:52        all     45.68      0.00      5.50      2.98      0.00     45.84
09:28:52        all     45.76      0.00      5.49      3.04      0.00     45.71
09:29:52        all     45.75      0.00      5.55      3.07      0.00     45.63
09:30:52        all     45.73      0.00      5.55      3.08      0.00     45.64
09:31:52        all     45.82      0.00      5.54      3.06      0.00     45.57
09:32:52        all     45.76      0.00      5.60      3.05      0.00     45.59
09:33:52        all     45.82      0.00      5.56      3.13      0.00     45.49
09:34:52        all     45.85      0.00      5.58      3.10      0.00     45.47
09:35:52        all     45.75      0.00      5.60      3.09      0.00     45.55
09:36:52        all     45.77      0.00      5.61      3.12      0.00     45.49
09:37:52        all     45.98      0.00      5.50      3.13      0.00     45.39
09:38:52        all     45.83      0.00      5.57      3.13      0.00     45.46
09:39:52        all     45.93      0.00      5.57      3.09      0.00     45.41
09:40:52        all     45.88      0.00      5.46      3.05      0.00     45.61
09:41:52        all     46.04      0.00      5.54      3.21      0.00     45.21
09:42:52        all     45.72      0.00      5.55      3.33      0.00     45.40
09:43:52        all     45.75      0.00      5.53      3.28      0.00     45.45
09:44:52        all     45.76      0.00      5.51      3.20      0.00     45.53
09:45:52        all     45.82      0.00      5.52      3.19      0.00     45.47
09:46:52        all     45.85      0.00      5.48      3.17      0.00     45.50
09:47:52        all     45.80      0.00      5.46      3.17      0.00     45.56
09:48:52        all     45.80      0.00      5.50      3.16      0.00     45.55
09:49:52        all     45.81      0.00      5.45      3.16      0.00     45.58
09:50:52        all     45.78      0.00      5.52      3.15      0.00     45.54
09:51:52        all     45.87      0.00      5.54      3.13      0.00     45.46
09:52:52        all     45.88      0.00      5.55      3.13      0.00     45.43
09:53:52        all     45.82      0.00      5.51      3.10      0.00     45.57
09:54:52        all     45.75      0.00      5.62      3.12      0.00     45.51
09:55:52        all     45.86      0.00      5.58      3.14      0.00     45.41
09:56:52        all     45.83      0.00      5.55      3.12      0.00     45.49
09:57:52        all     45.96      0.00      5.47      3.09      0.00     45.48
09:58:52        all     45.86      0.00      5.53      3.08      0.00     45.52
09:59:52        all     45.83      0.00      5.53      3.10      0.00     45.54
10:00:52        all     45.84      0.00      5.59      3.13      0.00     45.43
10:01:52        all     45.86      0.00      5.52      3.10      0.00     45.53
10:02:52        all     45.92      0.00      5.45      3.06      0.00     45.57
10:03:52        all     45.92      0.00      5.50      3.12      0.00     45.46
10:04:52        all     45.94      0.00      5.44      3.10      0.00     45.52
10:05:52        all     45.80      0.00      5.54      3.08      0.00     45.59
10:06:52        all     45.85      0.00      5.56      3.09      0.00     45.50
10:07:52        all     45.85      0.00      5.48      3.10      0.00     45.56
10:08:52        all     45.93      0.00      5.46      3.10      0.00     45.51
10:09:52        all     45.78      0.00      5.66      3.07      0.00     45.49
10:10:52        all     45.97      0.00      5.41      3.06      0.00     45.55
10:11:52        all     45.91      0.00      5.47      3.10      0.00     45.53
10:12:52        all     45.64      0.00      5.52      3.33      0.00     45.51
10:13:52        all     45.69      0.00      5.58      3.27      0.00     45.46
10:14:52        all     45.78      0.00      5.51      3.23      0.00     45.48
10:15:52        all     45.77      0.00      5.48      3.21      0.00     45.53
10:16:52        all     45.75      0.00      5.58      3.20      0.00     45.47
10:17:52        all     45.82      0.00      5.50      3.16      0.00     45.52
10:18:52        all     45.81      0.00      5.49      3.15      0.00     45.55
10:19:52        all     45.86      0.00      5.62      3.12      0.00     45.39
10:20:52        all     45.82      0.00      5.48      3.12      0.00     45.57
10:21:52        all     45.87      0.00      5.50      3.12      0.00     45.51
