Linux 6.12.94+deb13-cloud-amd64 (madrona) 	09/12/26 	_x86_64_	(16 CPU)

19:26:38        CPU     %user     %nice   %system   %iowait    %steal     %idle
19:27:38        all     40.29      0.00     23.88     10.16      0.00     25.66
19:28:38        all     61.46      0.00     32.37      2.85      0.00      3.32
19:29:38        all     60.07      0.00     31.73      5.09      0.00      3.10
19:30:38        all     63.88      0.00     29.08      3.30      0.00      3.74
19:31:38        all     60.90      0.00     30.33      5.63      0.00      3.13
19:32:38        all     64.11      0.00     28.72      3.52      0.00      3.64
19:33:38        all     63.56      0.00     29.04      3.77      0.00      3.63
19:34:38        all     64.83      0.00     27.90      3.49      0.00      3.78
19:35:38        all     60.94      0.00     28.88      7.04      0.00      3.14
19:36:38        all     64.21      0.00     27.85      4.58      0.00      3.36
19:37:38        all     62.05      0.00     29.30      5.44      0.00      3.21
19:38:38        all     64.60      0.00     28.17      3.63      0.00      3.59
19:39:38        all     63.65      0.00     28.94      3.91      0.00      3.50
19:40:38        all     62.31      0.00     28.29      6.07      0.00      3.33
19:41:38        all     61.77      0.00     27.28      7.64      0.00      3.30
19:42:38        all     65.26      0.00     27.63      3.46      0.00      3.64
19:43:38        all     63.80      0.00     28.83      3.83      0.00      3.54
19:44:38        all     64.84      0.00     27.75      3.70      0.00      3.71
19:45:38        all     62.55      0.00     28.59      5.66      0.00      3.20
19:46:38        all     61.93      0.00     28.86      6.18      0.00      3.03
19:47:38        all     65.05      0.00     27.80      3.43      0.00      3.71
19:48:38        all     62.37      0.00     29.39      5.09      0.00      3.15
19:49:38        all     65.28      0.00     27.53      3.47      0.00      3.72
19:50:38        all     60.80      0.00     28.40      7.91      0.00      2.90
19:51:38        all     64.99      0.00     27.86      3.51      0.00      3.64
19:52:38        all     63.92      0.00     28.75      3.72      0.00      3.61
19:53:38        all     65.14      0.00     27.66      3.40      0.00      3.80
19:54:38        all     61.57      0.00     28.70      6.68      0.00      3.06
19:55:38        all     59.38      0.00     27.31     10.40      0.00      2.90
19:56:38        all     64.97      0.00     27.86      3.40      0.00      3.77
19:57:38        all     65.27      0.00     27.59      3.45      0.00      3.69
19:58:38        all     63.55      0.00     29.11      3.87      0.00      3.47
19:59:38        all     63.61      0.00     28.23      4.89      0.00      3.28
20:00:38        all     64.92      0.00     27.73      3.76      0.00      3.58
20:01:38        all     61.67      0.00     28.89      6.35      0.00      3.09
20:02:38        all     62.31      0.00     28.56      5.97      0.00      3.17
20:03:38        all     64.04      0.00     27.79      4.67      0.00      3.49
20:04:38        all     64.99      0.00     27.91      3.55      0.00      3.54
20:05:38        all     64.05      0.00     28.67      3.79      0.00      3.50
20:06:38        all     65.03      0.00     27.63      3.62      0.00      3.72
20:07:38        all     62.60      0.00     28.32      5.92      0.00      3.16
20:08:38        all     59.75      0.00     28.04      9.25      0.00      2.95
20:09:38        all     65.30      0.00     27.66      3.35      0.00      3.68
20:10:38        all     65.36      0.00     27.53      3.35      0.00      3.76
20:11:38        all     63.88      0.00     28.74      3.76      0.00      3.63
20:12:38        all     62.88      0.00     28.94      4.95      0.00      3.23
20:13:38        all     65.13      0.00     27.67      3.40      0.00      3.80
20:14:38        all     62.73      0.00     29.18      4.83      0.00      3.26
20:15:38        all     61.26      0.00     27.95      7.76      0.00      3.04
20:16:38        all     65.27      0.00     27.70      3.30      0.00      3.73
20:17:38        all     65.10      0.00     27.67      3.52      0.00      3.70
20:18:38        all     64.18      0.00     28.59      3.75      0.00      3.48
20:19:38        all     63.45      0.00     28.38      4.75      0.00      3.41
20:20:38        all     63.45      0.00     27.89      5.20      0.00      3.46
20:21:38        all     60.24      0.00     28.24      8.57      0.00      2.95
20:22:38        all     65.13      0.00     27.83      3.34      0.00      3.70
20:23:38        all     65.16      0.00     27.55      3.46      0.00      3.83
20:24:38        all     63.75      0.00     28.90      3.78      0.00      3.56
20:25:38        all     61.67      0.00     28.46      6.69      0.00      3.18
20:26:38        all     65.10      0.00     27.75      3.46      0.00      3.70
20:27:38        all     61.88      0.00     28.99      6.02      0.00      3.11
