Linux 6.12.94+deb13-cloud-amd64 (madrona) 	09/11/26 	_x86_64_	(16 CPU)

18:35:17        CPU     %user     %nice   %system   %iowait    %steal     %idle
18:36:17        all      5.24      0.00      7.35     39.53      0.00     47.87
18:37:17        all      6.55      0.00      9.44     76.86      0.00      7.14
18:38:17        all      6.27      0.00      9.01     77.28      0.00      7.45
18:39:17        all      6.39      0.00      8.76     77.57      0.00      7.28
18:40:17        all      6.34      0.00      8.71     77.46      0.00      7.49
18:41:17        all      6.49      0.00      8.55     77.54      0.00      7.43
18:42:17        all      6.38      0.00      8.47     77.35      0.00      7.80
18:43:17        all      6.25      0.00      8.18     77.60      0.00      7.97
18:44:17        all      6.26      0.00      8.24     77.51      0.00      7.99
18:45:17        all      6.40      0.00      8.22     77.17      0.00      8.21
18:46:17        all      6.40      0.00      8.15     77.45      0.00      7.99
18:47:17        all      6.22      0.00      8.18     77.52      0.00      8.08
18:48:17        all      6.40      0.00      8.27     77.61      0.00      7.72
18:49:17        all      6.12      0.00      8.15     76.48      0.00      9.25
18:50:17        all      6.42      0.00      8.23     77.86      0.00      7.49
18:51:17        all      6.41      0.00      8.16     77.44      0.00      7.98
18:52:17        all      6.52      0.00      8.25     77.40      0.00      7.84
18:53:17        all      6.11      0.00      8.04     77.81      0.00      8.04
18:54:17        all      6.41      0.00      8.11     77.62      0.00      7.86
18:55:17        all      6.19      0.00      8.03     77.79      0.00      7.99
18:56:17        all      6.17      0.00      8.06     77.78      0.00      7.99
18:57:17        all      6.50      0.00      8.18     77.25      0.00      8.07
18:58:17        all      6.43      0.00      8.16     77.60      0.00      7.81
18:59:17        all      6.79      0.00      8.04     76.56      0.00      8.61
19:00:17        all      6.04      0.00      7.82     78.08      0.00      8.05
19:01:17        all      6.55      0.00      8.11     77.22      0.00      8.12
19:02:17        all      5.78      0.00      7.63     78.56      0.00      8.02
19:03:17        all      6.14      0.00      7.82     78.41      0.00      7.63
19:04:17        all      6.13      0.00      7.83     78.10      0.00      7.95
19:05:17        all      6.04      0.00      7.91     78.47      0.00      7.57
19:06:17        all      6.14      0.00      8.04     77.82      0.00      7.99
19:07:17        all      6.50      0.00      8.11     77.61      0.00      7.78
19:08:17        all      5.90      0.00      7.75     78.34      0.00      8.02
19:09:17        all      5.99      0.00      7.77     78.39      0.00      7.85
19:10:17        all      6.11      0.00      7.79     78.16      0.00      7.94
19:11:17        all      6.35      0.00      8.19     77.84      0.00      7.61
19:12:17        all      6.11      0.00      7.91     78.01      0.00      7.96
19:13:17        all      6.05      0.00      7.85     78.37      0.00      7.73
19:14:17        all      6.24      0.00      7.82     78.28      0.00      7.67
19:15:17        all      6.28      0.00      7.94     77.09      0.00      8.69
19:16:17        all      6.37      0.00      8.04     77.58      0.00      8.01
19:17:17        all      6.62      0.00      7.98     77.71      0.00      7.69
19:18:17        all      6.26      0.00      8.11     77.33      0.00      8.31
19:19:17        all      6.20      0.00      7.83     77.80      0.00      8.16
19:20:17        all      5.90      0.00      7.84     78.29      0.00      7.97
19:21:17        all      6.09      0.00      7.90     77.80      0.00      8.20
19:22:17        all      6.26      0.00      7.85     77.79      0.00      8.09
19:23:17        all      6.29      0.00      7.98     78.04      0.00      7.69
19:24:17        all      6.17      0.00      7.86     77.86      0.00      8.11
19:25:17        all      6.23      0.00      7.99     77.54      0.00      8.25
19:26:17        all      6.46      0.00      8.11     77.43      0.00      8.00
19:27:17        all      6.59      0.00      8.19     77.12      0.00      8.09
19:28:17        all      6.57      0.00      8.15     77.21      0.00      8.07
19:29:17        all      6.45      0.00      7.70     76.83      0.00      9.02
19:30:17        all      6.14      0.00      7.83     77.83      0.00      8.20
19:31:17        all      6.12      0.00      7.50     77.52      0.00      8.86
19:32:17        all      6.12      0.00      7.77     77.23      0.00      8.87
19:33:17        all      6.37      0.00      7.88     77.50      0.00      8.25
19:34:17        all      6.03      0.00      7.85     77.99      0.00      8.13
19:35:17        all      6.16      0.00      7.83     77.86      0.00      8.15
19:36:17        all      6.31      0.00      7.94     77.52      0.00      8.23
