Linux 6.12.94+deb13-cloud-amd64 (madrona) 	09/12/26 	_x86_64_	(16 CPU)

22:58:18        CPU     %user     %nice   %system   %iowait    %steal     %idle
22:59:18        all     30.93      0.00     16.33     11.13      0.00     41.61
23:00:18        all     50.14      0.00     28.05     18.64      0.00      3.17
23:01:18        all     56.56      0.00     25.65     14.48      0.00      3.31
23:02:18        all     56.77      0.00     24.98     14.92      0.00      3.34
23:03:18        all     54.05      0.00     25.52     16.93      0.00      3.50
23:04:18        all     57.67      0.00     24.63     14.50      0.00      3.21
23:05:18        all     54.41      0.00     25.41     16.89      0.00      3.29
23:06:18        all     55.69      0.00     24.96     15.98      0.00      3.37
23:07:18        all     56.21      0.00     24.87     15.64      0.00      3.29
23:08:18        all     53.92      0.00     24.67     18.02      0.00      3.39
23:09:18        all     57.63      0.00     24.68     14.36      0.00      3.33
23:10:18        all     53.98      0.00     25.00     17.53      0.00      3.49
23:11:18        all     57.39      0.00     24.69     14.63      0.00      3.29
23:12:18        all     54.12      0.00     24.70     17.81      0.00      3.37
23:13:18        all     57.72      0.00     24.40     14.53      0.00      3.35
23:14:18        all     53.71      0.00     24.68     18.19      0.00      3.42
23:15:18        all     58.04      0.00     24.64     14.00      0.00      3.32
23:16:18        all     53.82      0.00     24.75     18.00      0.00      3.43
23:17:18        all     57.85      0.00     24.51     14.37      0.00      3.27
23:18:18        all     53.61      0.00     24.89     18.22      0.00      3.28
23:19:18        all     57.76      0.00     24.50     14.40      0.00      3.34
23:20:18        all     52.89      0.00     25.04     18.72      0.00      3.34
23:21:18        all     57.37      0.00     24.45     14.78      0.00      3.40
23:22:18        all     52.95      0.00     24.88     18.82      0.00      3.35
23:23:18        all     57.15      0.00     24.67     14.77      0.00      3.40
23:24:18        all     57.11      0.00     24.21     15.29      0.00      3.39
23:25:18        all     53.94      0.00     25.23     17.49      0.00      3.35
23:26:18        all     57.56      0.00     24.75     14.37      0.00      3.33
23:27:18        all     52.96      0.00     24.87     18.76      0.00      3.40
23:28:18        all     57.60      0.00     24.53     14.47      0.00      3.40
23:29:18        all     52.91      0.00     25.14     18.65      0.00      3.31
23:30:18        all     57.47      0.00     24.67     14.49      0.00      3.37
23:31:18        all     53.33      0.00     25.13     18.24      0.00      3.31
23:32:18        all     57.89      0.00     24.56     14.22      0.00      3.33
23:33:18        all     53.53      0.00     24.47     18.61      0.00      3.38
23:34:18        all     57.73      0.00     24.57     14.35      0.00      3.35
23:35:18        all     52.65      0.00     25.05     18.98      0.00      3.33
23:36:18        all     57.75      0.00     24.50     14.37      0.00      3.37
23:37:18        all     52.93      0.00     25.05     18.73      0.00      3.30
23:38:18        all     58.07      0.00     24.50     14.07      0.00      3.36
23:39:18        all     52.53      0.00     25.11     19.01      0.00      3.35
23:40:18        all     57.55      0.00     24.71     14.36      0.00      3.38
23:41:18        all     54.99      0.00     23.81     17.74      0.00      3.46
23:42:18        all     54.56      0.00     25.98     16.16      0.00      3.29
23:43:18        all     57.34      0.00     24.34     14.93      0.00      3.39
23:44:18        all     52.42      0.00     24.97     19.24      0.00      3.38
23:45:18        all     57.75      0.00     24.41     14.53      0.00      3.31
23:46:18        all     57.30      0.00     24.29     15.01      0.00      3.40
23:47:18        all     56.03      0.00     25.34     15.31      0.00      3.31
23:48:18        all     57.66      0.00     24.50     14.53      0.00      3.32
23:49:18        all     54.91      0.00     25.03     16.73      0.00      3.33
23:50:18        all     57.57      0.00     24.52     14.53      0.00      3.37
23:51:18        all     53.98      0.00     24.67     17.98      0.00      3.37
23:52:18        all     56.62      0.00     24.20     15.81      0.00      3.37
23:53:18        all     54.71      0.00     25.25     16.67      0.00      3.37
23:54:18        all     56.66      0.00     24.35     15.60      0.00      3.40
23:55:18        all     54.88      0.00     25.41     16.36      0.00      3.34
23:56:18        all     54.77      0.00     24.68     17.23      0.00      3.32
23:57:18        all     57.04      0.00     24.59     15.03      0.00      3.34
23:58:18        all     54.34      0.00     25.21     17.14      0.00      3.32
23:59:18        all     57.06      0.00     24.55     15.08      0.00      3.30
