Linux 6.12.94+deb13-cloud-amd64 (madrona) 	09/08/26 	_x86_64_	(16 CPU)

15:36:25        CPU     %user     %nice   %system   %iowait    %steal     %idle
15:37:25        all     36.22      0.00      6.09      1.77      0.00     55.91
15:38:25        all     80.85      0.00      7.49      2.88      0.00      8.77
15:39:25        all     81.30      0.00      7.20      2.96      0.00      8.54
15:40:25        all     81.36      0.00      7.21      3.00      0.00      8.43
15:41:25        all     81.55      0.00      7.11      3.02      0.00      8.32
15:42:25        all     81.16      0.00      7.21      3.19      0.00      8.43
15:43:25        all     81.16      0.00      7.20      3.18      0.00      8.46
15:44:25        all     81.37      0.00      7.10      3.16      0.00      8.37
15:45:25        all     81.46      0.00      7.15      3.14      0.00      8.25
15:46:25        all     81.65      0.00      7.03      3.16      0.00      8.17
15:47:25        all     81.68      0.00      7.12      3.11      0.00      8.08
15:48:25        all     81.71      0.00      7.10      3.12      0.00      8.08
15:49:25        all     81.86      0.00      7.13      3.10      0.00      7.91
15:50:25        all     81.73      0.00      7.15      3.14      0.00      7.98
15:51:25        all     81.84      0.00      7.05      3.10      0.00      8.01
15:52:25        all     81.93      0.00      6.99      3.14      0.00      7.93
15:53:25        all     81.93      0.00      7.02      3.12      0.00      7.92
15:54:25        all     82.00      0.00      6.94      3.11      0.00      7.96
15:55:25        all     81.94      0.00      7.03      3.10      0.00      7.94
15:56:25        all     81.90      0.00      7.04      3.07      0.00      7.99
15:57:25        all     81.97      0.00      7.00      3.08      0.00      7.94
15:58:25        all     81.99      0.00      7.01      3.07      0.00      7.93
15:59:25        all     82.00      0.00      6.99      3.07      0.00      7.94
16:00:25        all     81.93      0.00      7.08      3.06      0.00      7.93
16:01:25        all     82.02      0.00      7.09      3.08      0.00      7.81
16:02:25        all     82.02      0.00      6.97      3.05      0.00      7.95
16:03:25        all     81.96      0.00      7.00      3.07      0.00      7.97
16:04:25        all     81.93      0.00      7.01      3.08      0.00      7.97
16:05:25        all     82.10      0.00      6.91      3.06      0.00      7.93
16:06:25        all     81.93      0.00      7.09      3.07      0.00      7.91
16:07:25        all     82.03      0.00      6.96      3.04      0.00      7.96
16:08:25        all     81.98      0.00      7.13      3.04      0.00      7.85
16:09:25        all     81.91      0.00      7.07      3.02      0.00      7.99
16:10:25        all     82.10      0.00      6.97      3.07      0.00      7.87
16:11:25        all     82.03      0.00      6.99      3.06      0.00      7.91
16:12:25        all     81.66      0.00      6.94      3.21      0.00      8.18
16:13:25        all     81.55      0.00      7.06      3.18      0.00      8.21
16:14:25        all     81.65      0.00      7.06      3.17      0.00      8.12
16:15:25        all     81.76      0.00      7.05      3.13      0.00      8.05
16:16:25        all     81.83      0.00      6.98      3.13      0.00      8.07
16:17:25        all     81.80      0.00      7.03      3.11      0.00      8.05
16:18:25        all     81.89      0.00      6.91      3.12      0.00      8.09
16:19:25        all     81.90      0.00      6.97      3.12      0.00      8.01
16:20:25        all     81.93      0.00      6.98      3.11      0.00      7.99
16:21:25        all     81.91      0.00      7.00      3.09      0.00      8.00
16:22:25        all     81.90      0.00      7.05      3.08      0.00      7.97
16:23:25        all     82.11      0.00      6.83      3.09      0.00      7.98
16:24:25        all     82.03      0.00      6.89      3.06      0.00      8.01
16:25:25        all     81.97      0.00      6.98      3.09      0.00      7.97
16:26:25        all     81.92      0.00      7.06      3.06      0.00      7.96
16:27:25        all     82.01      0.00      6.95      3.03      0.00      8.01
16:28:25        all     81.95      0.00      7.06      3.08      0.00      7.91
16:29:25        all     82.03      0.00      6.97      3.07      0.00      7.93
16:30:25        all     81.99      0.00      7.00      3.05      0.00      7.96
16:31:25        all     82.07      0.00      6.95      3.06      0.00      7.91
16:32:25        all     82.01      0.00      7.06      3.02      0.00      7.92
16:33:25        all     82.03      0.00      7.02      3.02      0.00      7.93
16:34:25        all     82.04      0.00      7.03      3.03      0.00      7.90
16:35:25        all     82.06      0.00      7.06      3.00      0.00      7.89
16:36:25        all     82.11      0.00      6.95      3.05      0.00      7.89
16:37:25        all     82.03      0.00      7.02      3.02      0.00      7.93
