Linux 6.12.94+deb13-cloud-amd64 (madrona) 	09/08/26 	_x86_64_	(16 CPU)

18:44:50        CPU     %user     %nice   %system   %iowait    %steal     %idle
18:45:50        all     42.89      0.00      7.08      1.95      0.00     48.08
18:46:50        all     89.54      0.00      7.74      0.86      0.00      1.87
18:47:50        all     90.06      0.00      7.32      0.82      0.00      1.81
18:48:50        all     90.23      0.00      7.19      0.80      0.00      1.78
18:49:50        all     90.30      0.00      7.17      0.80      0.00      1.73
18:50:50        all     90.31      0.00      7.11      0.82      0.00      1.76
18:51:50        all     90.49      0.00      6.99      0.77      0.00      1.75
18:52:50        all     90.35      0.00      7.11      0.77      0.00      1.77
18:53:50        all     90.51      0.00      6.98      0.78      0.00      1.74
18:54:50        all     90.46      0.00      7.07      0.77      0.00      1.70
18:55:50        all     90.38      0.00      7.15      0.77      0.00      1.70
18:56:50        all     90.50      0.00      7.03      0.77      0.00      1.70
18:57:50        all     90.46      0.00      7.09      0.74      0.00      1.70
18:58:50        all     90.47      0.00      7.11      0.74      0.00      1.68
18:59:50        all     90.46      0.00      7.09      0.76      0.00      1.69
19:00:50        all     90.52      0.00      7.02      0.74      0.00      1.72
19:01:50        all     90.56      0.00      7.04      0.74      0.00      1.66
19:02:50        all     90.55      0.00      7.03      0.74      0.00      1.67
19:03:50        all     90.53      0.00      7.10      0.75      0.00      1.62
19:04:50        all     90.46      0.00      7.08      0.76      0.00      1.70
19:05:50        all     90.53      0.00      7.02      0.75      0.00      1.70
19:06:50        all     90.61      0.00      7.00      0.76      0.00      1.64
19:07:50        all     90.57      0.00      7.05      0.73      0.00      1.65
19:08:50        all     90.55      0.00      7.05      0.75      0.00      1.66
19:09:50        all     90.75      0.00      6.92      0.72      0.00      1.61
19:10:50        all     90.52      0.00      7.16      0.72      0.00      1.59
19:11:50        all     90.50      0.00      7.07      0.75      0.00      1.68
19:12:50        all     90.08      0.00      7.07      0.84      0.00      2.02
19:13:50        all     90.27      0.00      7.06      0.81      0.00      1.87
19:14:50        all     90.29      0.00      7.09      0.82      0.00      1.81
19:15:50        all     90.34      0.00      7.07      0.79      0.00      1.79
19:16:50        all     90.44      0.00      7.07      0.76      0.00      1.73
19:17:50        all     90.37      0.00      7.10      0.77      0.00      1.76
19:18:50        all     90.51      0.00      6.99      0.77      0.00      1.73
19:19:50        all     90.54      0.00      6.95      0.76      0.00      1.74
19:20:50        all     90.42      0.00      7.06      0.77      0.00      1.75
19:21:50        all     90.63      0.00      6.95      0.76      0.00      1.67
19:22:50        all     90.54      0.00      7.00      0.75      0.00      1.71
19:23:50        all     90.51      0.00      7.08      0.75      0.00      1.67
19:24:50        all     90.59      0.00      7.00      0.74      0.00      1.67
19:25:50        all     90.57      0.00      6.98      0.75      0.00      1.69
19:26:50        all     90.55      0.00      7.04      0.75      0.00      1.67
19:27:50        all     90.54      0.00      7.05      0.77      0.00      1.64
19:28:50        all     90.55      0.00      7.03      0.76      0.00      1.67
19:29:50        all     90.46      0.00      7.13      0.75      0.00      1.66
19:30:50        all     90.51      0.00      7.10      0.76      0.00      1.63
19:31:50        all     90.48      0.00      7.07      0.76      0.00      1.68
19:32:50        all     90.60      0.00      7.03      0.74      0.00      1.63
19:33:50        all     90.59      0.00      7.03      0.76      0.00      1.62
19:34:50        all     90.53      0.00      7.06      0.77      0.00      1.65
19:35:50        all     90.59      0.00      6.96      0.77      0.00      1.68
19:36:50        all     90.66      0.00      6.95      0.76      0.00      1.63
19:37:50        all     90.57      0.00      7.00      0.76      0.00      1.67
19:38:50        all     90.61      0.00      6.98      0.76      0.00      1.64
19:39:50        all     90.68      0.00      6.94      0.76      0.00      1.61
19:40:50        all     90.60      0.00      7.01      0.75      0.00      1.64
19:41:50        all     90.59      0.00      7.00      0.76      0.00      1.66
19:42:50        all     90.05      0.00      7.09      0.87      0.00      1.99
19:43:50        all     90.26      0.00      7.05      0.82      0.00      1.88
19:44:50        all     90.34      0.00      7.02      0.80      0.00      1.84
19:45:50        all     90.44      0.00      7.00      0.78      0.00      1.78
