Linux 6.12.94+deb13-cloud-amd64 (madrona) 	09/08/26 	_x86_64_	(16 CPU)

17:42:00        CPU     %user     %nice   %system   %iowait    %steal     %idle
17:43:00        all     40.09      0.00      6.76      2.03      0.00     51.12
17:44:00        all     88.20      0.00      7.71      1.35      0.00      2.73
17:45:00        all     88.66      0.00      7.41      1.30      0.00      2.64
17:46:00        all     88.81      0.00      7.32      1.27      0.00      2.60
17:47:00        all     88.87      0.00      7.29      1.24      0.00      2.60
17:48:00        all     88.88      0.00      7.33      1.24      0.00      2.55
17:49:00        all     88.94      0.00      7.35      1.20      0.00      2.51
17:50:00        all     88.86      0.00      7.39      1.23      0.00      2.52
17:51:00        all     89.05      0.00      7.23      1.21      0.00      2.50
17:52:00        all     89.11      0.00      7.22      1.19      0.00      2.47
17:53:00        all     88.99      0.00      7.38      1.17      0.00      2.46
17:54:00        all     89.09      0.00      7.22      1.18      0.00      2.51
17:55:00        all     89.22      0.00      7.16      1.18      0.00      2.43
17:56:00        all     89.07      0.00      7.32      1.19      0.00      2.42
17:57:00        all     89.08      0.00      7.23      1.18      0.00      2.51
17:58:00        all     89.20      0.00      7.22      1.16      0.00      2.42
17:59:00        all     89.23      0.00      7.16      1.19      0.00      2.42
18:00:00        all     89.20      0.00      7.22      1.16      0.00      2.43
18:01:00        all     89.25      0.00      7.14      1.17      0.00      2.44
18:02:00        all     89.29      0.00      7.14      1.17      0.00      2.41
18:03:00        all     89.29      0.00      7.13      1.19      0.00      2.39
18:04:00        all     89.20      0.00      7.23      1.15      0.00      2.42
18:05:00        all     89.27      0.00      7.12      1.16      0.00      2.45
18:06:00        all     89.22      0.00      7.22      1.16      0.00      2.41
18:07:00        all     89.21      0.00      7.26      1.14      0.00      2.38
18:08:00        all     89.25      0.00      7.19      1.16      0.00      2.40
18:09:00        all     89.28      0.00      7.15      1.16      0.00      2.41
18:10:00        all     89.34      0.00      7.10      1.17      0.00      2.38
18:11:00        all     89.34      0.00      7.14      1.15      0.00      2.37
18:12:00        all     88.96      0.00      7.31      1.19      0.00      2.54
18:13:00        all     88.57      0.00      7.33      1.28      0.00      2.82
18:14:00        all     88.68      0.00      7.38      1.24      0.00      2.70
18:15:00        all     88.87      0.00      7.32      1.20      0.00      2.60
18:16:00        all     89.02      0.00      7.18      1.20      0.00      2.60
18:17:00        all     88.98      0.00      7.26      1.19      0.00      2.57
18:18:00        all     88.94      0.00      7.35      1.17      0.00      2.53
18:19:00        all     89.03      0.00      7.27      1.20      0.00      2.50
18:20:00        all     89.13      0.00      7.18      1.19      0.00      2.50
18:21:00        all     89.08      0.00      7.27      1.18      0.00      2.47
18:22:00        all     89.22      0.00      7.22      1.14      0.00      2.42
18:23:00        all     89.47      0.00      7.12      1.13      0.00      2.28
18:24:00        all     89.78      0.00      7.04      1.02      0.00      2.16
18:25:00        all     89.17      0.00      7.21      1.19      0.00      2.42
18:26:00        all     89.21      0.00      7.21      1.18      0.00      2.40
18:27:00        all     89.24      0.00      7.17      1.19      0.00      2.41
18:28:00        all     89.21      0.00      7.19      1.18      0.00      2.42
18:29:00        all     89.28      0.00      7.14      1.18      0.00      2.40
18:30:00        all     89.16      0.00      7.18      1.18      0.00      2.47
18:31:00        all     89.29      0.00      7.13      1.16      0.00      2.41
18:32:00        all     89.24      0.00      7.21      1.18      0.00      2.36
18:33:00        all     89.25      0.00      7.22      1.17      0.00      2.36
18:34:00        all     89.15      0.00      7.21      1.19      0.00      2.45
18:35:00        all     89.24      0.00      7.20      1.18      0.00      2.38
18:36:00        all     89.21      0.00      7.24      1.22      0.00      2.33
18:37:00        all     89.24      0.00      7.26      1.13      0.00      2.36
18:38:00        all     89.27      0.00      7.19      1.17      0.00      2.38
18:39:00        all     89.21      0.00      7.24      1.18      0.00      2.37
18:40:00        all     89.31      0.00      7.17      1.17      0.00      2.35
18:41:00        all     89.24      0.00      7.15      1.18      0.00      2.43
18:42:00        all     89.15      0.00      7.14      1.22      0.00      2.50
18:43:00        all     88.70      0.00      7.21      1.27      0.00      2.82
