Linux 6.12.94+deb13-cloud-amd64 (madrona) 	09/12/26 	_x86_64_	(16 CPU)

20:29:10        CPU     %user     %nice   %system   %iowait    %steal     %idle
20:30:10        all     33.03      0.00     21.22      9.21      0.00     36.54
20:31:10        all     56.74      0.00     32.54      7.69      0.00      3.03
20:32:10        all     63.06      0.00     28.98      4.08      0.00      3.87
20:33:10        all     63.37      0.00     28.36      4.33      0.00      3.94
20:34:10        all     61.47      0.00     29.19      5.78      0.00      3.57
20:35:10        all     63.54      0.00     27.90      4.72      0.00      3.85
20:36:10        all     60.81      0.00     28.71      7.04      0.00      3.44
20:37:10        all     60.43      0.00     28.77      7.49      0.00      3.31
20:38:10        all     64.31      0.00     27.47      4.23      0.00      3.99
20:39:10        all     60.48      0.00     28.59      7.60      0.00      3.33
20:40:10        all     62.46      0.00     28.18      5.57      0.00      3.78
20:41:10        all     62.48      0.00     27.82      6.08      0.00      3.61
20:42:10        all     60.48      0.00     28.80      7.29      0.00      3.42
20:43:10        all     63.60      0.00     27.81      4.65      0.00      3.95
20:44:10        all     63.74      0.00     27.75      4.65      0.00      3.86
20:45:10        all     62.92      0.00     28.65      4.75      0.00      3.69
20:46:10        all     64.11      0.00     27.62      4.25      0.00      4.01
20:47:10        all     61.25      0.00     28.21      7.16      0.00      3.38
20:48:10        all     60.65      0.00     28.21      7.70      0.00      3.44
20:49:10        all     64.15      0.00     27.55      4.35      0.00      3.95
20:50:10        all     59.63      0.00     28.61      8.56      0.00      3.20
20:51:10        all     64.12      0.00     27.64      4.28      0.00      3.95
20:52:10        all     63.97      0.00     27.55      4.54      0.00      3.95
20:53:10        all     62.93      0.00     28.50      4.72      0.00      3.85
20:54:10        all     64.47      0.00     27.15      4.39      0.00      3.98
20:55:10        all     61.69      0.00     28.17      6.67      0.00      3.47
20:56:10        all     60.65      0.00     28.48      7.64      0.00      3.23
20:57:10        all     64.42      0.00     27.39      4.20      0.00      3.98
20:58:10        all     59.78      0.00     28.78      8.27      0.00      3.16
20:59:10        all     64.17      0.00     27.62      4.32      0.00      3.89
21:00:10        all     64.20      0.00     27.35      4.55      0.00      3.91
21:01:10        all     62.86      0.00     28.69      4.64      0.00      3.81
21:02:10        all     61.21      0.00     28.18      7.13      0.00      3.47
21:03:10        all     64.11      0.00     27.61      4.23      0.00      4.05
21:04:10        all     60.78      0.00     28.31      7.56      0.00      3.35
21:05:10        all     63.27      0.00     27.66      5.26      0.00      3.81
21:06:10        all     60.62      0.00     28.74      7.22      0.00      3.42
21:07:10        all     60.37      0.00     28.33      7.99      0.00      3.30
21:08:10        all     64.26      0.00     27.44      4.35      0.00      3.95
21:09:10        all     63.84      0.00     27.71      4.55      0.00      3.89
21:10:10        all     62.42      0.00     28.62      5.24      0.00      3.71
21:11:10        all     63.98      0.00     27.34      4.73      0.00      3.95
21:12:10        all     61.52      0.00     28.26      6.68      0.00      3.55
21:13:10        all     60.70      0.00     28.05      7.88      0.00      3.38
21:14:10        all     64.16      0.00     27.69      4.11      0.00      4.04
21:15:10        all     59.75      0.00     28.80      8.30      0.00      3.15
21:16:10        all     63.87      0.00     27.73      4.35      0.00      4.05
21:17:10        all     59.74      0.00     29.07      7.78      0.00      3.41
21:18:10        all     64.09      0.00     27.50      4.44      0.00      3.97
21:19:10        all     59.75      0.00     29.02      8.05      0.00      3.18
21:20:10        all     64.43      0.00     27.41      4.21      0.00      3.95
21:21:10        all     59.72      0.00     28.81      8.22      0.00      3.26
21:22:10        all     64.30      0.00     27.40      4.32      0.00      3.98
21:23:10        all     63.88      0.00     27.68      4.54      0.00      3.90
21:24:10        all     62.25      0.00     28.25      5.84      0.00      3.66
21:25:10        all     61.11      0.00     28.01      7.52      0.00      3.35
21:26:10        all     63.95      0.00     27.79      4.21      0.00      4.04
21:27:10        all     60.50      0.00     28.28      7.89      0.00      3.34
21:28:10        all     64.02      0.00     27.56      4.45      0.00      3.97
21:29:10        all     59.86      0.00     28.81      8.12      0.00      3.21
21:30:10        all     63.75      0.00     27.83      4.56      0.00      3.87
