Linux 6.12.94+deb13-cloud-amd64 (madrona) 	09/12/26 	_x86_64_	(16 CPU)

05:05:55        CPU     %user     %nice   %system   %iowait    %steal     %idle
05:06:55        all     30.79      0.00     21.95     12.70      0.00     34.55
05:07:55        all     40.94      0.00     27.13     29.72      0.00      2.20
05:08:55        all     57.97      0.00     30.48      8.60      0.00      2.95
05:09:55        all     43.90      0.00     25.21     28.42      0.00      2.47
05:10:55        all     54.29      0.00     27.47     15.48      0.00      2.76
05:11:55        all     47.07      0.00     25.37     24.67      0.00      2.89
05:12:55        all     54.90      0.00     27.06     15.31      0.00      2.73
05:13:55        all     52.93      0.00     27.06     17.03      0.00      2.98
05:14:55        all     30.61      0.00     18.50     49.14      0.00      1.75
05:15:55        all     49.36      0.00     27.59     20.50      0.00      2.55
05:16:55        all     55.77      0.00     28.07     13.46      0.00      2.70
05:17:55        all     44.72      0.00     26.54     26.20      0.00      2.54
05:18:55        all     54.03      0.00     28.26     15.17      0.00      2.55
05:19:55        all     47.63      0.00     25.85     23.84      0.00      2.68
05:20:55        all     53.05      0.00     27.27     17.15      0.00      2.53
05:21:55        all     53.11      0.00     27.39     16.43      0.00      3.07
05:22:55        all     28.94      0.00     17.59     51.68      0.00      1.79
05:23:55        all     50.90      0.00     28.59     17.98      0.00      2.53
05:24:55        all     56.28      0.00     28.67     12.49      0.00      2.56
05:25:55        all     47.83      0.00     27.98     21.56      0.00      2.63
05:26:55        all     56.90      0.00     28.65     11.75      0.00      2.70
05:27:55        all     50.41      0.00     26.91     19.90      0.00      2.79
05:28:55        all     30.10      0.00     18.07     49.97      0.00      1.87
05:29:55        all     47.06      0.00     26.94     23.52      0.00      2.47
05:30:55        all     57.73      0.00     29.40     10.16      0.00      2.71
05:31:55        all     46.53      0.00     27.22     23.90      0.00      2.36
05:32:55        all     57.29      0.00     28.99     11.06      0.00      2.67
05:33:55        all     47.83      0.00     26.15     23.36      0.00      2.66
05:34:55        all     50.66      0.00     26.20     20.72      0.00      2.43
05:35:55        all     53.41      0.00     26.65     16.84      0.00      3.10
05:36:55        all     47.20      0.00     24.60     25.87      0.00      2.33
05:37:55        all     58.84      0.00     28.83      9.39      0.00      2.93
05:38:55        all     23.13      0.00     16.04     58.81      0.00      2.02
05:39:55        all     53.81      0.00     29.95     13.75      0.00      2.49
05:40:55        all     50.40      0.00     27.72     19.63      0.00      2.25
05:41:55        all     51.63      0.00     28.17     17.49      0.00      2.71
05:42:55        all     54.98      0.00     28.85     13.48      0.00      2.69
05:43:55        all     52.48      0.00     28.36     16.43      0.00      2.74
05:44:55        all     28.58      0.00     17.67     51.84      0.00      1.90
05:45:55        all     50.95      0.00     28.63     17.78      0.00      2.65
05:46:55        all     50.63      0.00     26.62     20.24      0.00      2.51
05:47:55        all     50.59      0.00     27.24     19.48      0.00      2.70
05:48:55        all     53.06      0.00     26.66     17.52      0.00      2.76
05:49:55        all     52.51      0.00     27.28     17.41      0.00      2.80
05:50:55        all     37.45      0.00     21.03     39.50      0.00      2.02
05:51:55        all     55.27      0.00     28.88     13.03      0.00      2.81
05:52:55        all     52.50      0.00     27.36     17.51      0.00      2.63
05:53:55        all     54.23      0.00     27.25     15.78      0.00      2.74
05:54:55        all     15.62      0.00     11.68     70.65      0.00      2.05
05:55:55        all     46.63      0.00     27.37     23.46      0.00      2.54
05:56:55        all     56.15      0.00     28.79     12.53      0.00      2.54
05:57:55        all     48.23      0.00     26.96     22.17      0.00      2.64
05:58:55        all     56.33      0.00     28.14     12.81      0.00      2.72
05:59:55        all     30.46      0.00     19.35     47.87      0.00      2.31
06:00:55        all     57.83      0.00     29.51      9.89      0.00      2.78
06:01:55        all     44.68      0.00     25.48     27.76      0.00      2.08
06:02:55        all     58.65      0.00     29.48      8.94      0.00      2.94
06:03:55        all     47.27      0.00     25.25     25.01      0.00      2.47
06:04:55        all     57.23      0.00     28.15     11.97      0.00      2.65
06:05:55        all     38.99      0.00     22.48     35.94      0.00      2.60
06:06:55        all     57.91      0.00     28.54     10.88      0.00      2.67
