Linux 6.12.94+deb13-cloud-amd64 (madrona) 	09/12/26 	_x86_64_	(16 CPU)

01:46:14        CPU     %user     %nice   %system   %iowait    %steal     %idle
01:47:14        all     27.41      0.00     19.36     14.28      0.00     38.95
01:48:14        all     49.90      0.00     29.85     18.08      0.00      2.17
01:49:14        all     51.26      0.00     27.50     18.79      0.00      2.45
01:50:14        all     24.37      0.00     15.82     57.39      0.00      2.42
01:51:14        all     44.81      0.00     26.10     26.48      0.00      2.61
01:52:14        all     54.64      0.00     28.12     15.04      0.00      2.19
01:53:14        all     36.64      0.00     22.94     37.73      0.00      2.69
01:54:14        all     54.22      0.00     28.06     15.35      0.00      2.37
01:55:14        all     44.87      0.00     25.03     27.82      0.00      2.28
01:56:14        all     56.93      0.00     27.81     12.81      0.00      2.45
01:57:14        all     44.03      0.00     23.51     29.86      0.00      2.61
01:58:14        all     48.79      0.00     24.57     24.35      0.00      2.29
01:59:14        all     40.14      0.00     22.59     34.44      0.00      2.82
02:00:14        all     55.16      0.00     27.43     15.29      0.00      2.11
02:01:14        all     43.26      0.00     23.96     30.19      0.00      2.58
02:02:14        all     56.73      0.00     27.69     13.10      0.00      2.48
02:03:14        all     46.80      0.00     24.57     26.13      0.00      2.50
02:04:14        all     49.14      0.00     24.79     23.94      0.00      2.13
02:05:14        all     47.37      0.00     25.02     24.98      0.00      2.62
02:06:14        all     51.05      0.00     25.78     20.85      0.00      2.33
02:07:14        all     51.77      0.00     26.16     19.49      0.00      2.58
02:08:14        all     46.24      0.00     23.89     27.50      0.00      2.38
02:09:14        all     57.28      0.00     27.94     12.29      0.00      2.50
02:10:14        all     43.24      0.00     23.27     31.01      0.00      2.48
02:11:14        all     59.01      0.00     27.63     10.63      0.00      2.73
02:12:14        all     47.94      0.00     24.81     24.76      0.00      2.50
02:13:14        all     47.28      0.00     23.77     26.65      0.00      2.30
02:14:14        all     30.19      0.00     19.15     47.53      0.00      3.14
02:15:14        all     53.05      0.00     27.64     17.16      0.00      2.15
02:16:14        all     43.29      0.00     24.09     30.70      0.00      1.93
02:17:14        all     56.02      0.00     28.63     12.94      0.00      2.40
02:18:14        all     45.87      0.00     25.12     26.66      0.00      2.34
02:19:14        all     58.36      0.00     28.24     10.77      0.00      2.63
02:20:14        all     38.53      0.00     22.00     36.89      0.00      2.58
02:21:14        all     57.43      0.00     27.66     12.45      0.00      2.46
02:22:14        all     45.40      0.00     24.53     27.63      0.00      2.43
02:23:14        all     58.36      0.00     27.56     11.41      0.00      2.68
02:24:14        all     45.45      0.00     24.23     27.83      0.00      2.49
02:25:14        all     55.83      0.00     26.92     14.83      0.00      2.41
02:26:14        all     47.93      0.00     24.85     24.39      0.00      2.83
02:27:14        all     43.54      0.00     22.86     31.41      0.00      2.18
02:28:14        all     48.84      0.00     25.50     22.90      0.00      2.76
02:29:14        all     49.05      0.00     24.38     24.02      0.00      2.55
02:30:14        all     52.09      0.00     27.02     18.29      0.00      2.60
02:31:14        all     49.44      0.00     25.29     22.92      0.00      2.35
02:32:14        all     54.78      0.00     27.13     15.43      0.00      2.66
02:33:14        all     20.25      0.00     14.03     63.04      0.00      2.67
02:34:14        all     49.54      0.00     28.05     20.07      0.00      2.33
02:35:14        all     53.40      0.00     27.10     17.27      0.00      2.23
02:36:14        all     44.65      0.00     26.00     26.91      0.00      2.44
02:37:14        all     55.47      0.00     28.02     14.17      0.00      2.33
02:38:14        all     48.67      0.00     26.28     22.55      0.00      2.50
02:39:14        all     40.37      0.00     22.21     35.12      0.00      2.30
02:40:14        all     48.65      0.00     25.55     22.96      0.00      2.84
02:41:14        all     56.61      0.00     27.27     13.79      0.00      2.33
02:42:14        all     48.68      0.00     25.75     23.03      0.00      2.53
02:43:14        all     26.03      0.00     16.58     55.01      0.00      2.39
02:44:14        all     36.53      0.00     23.45     37.00      0.00      3.01
02:45:14        all     53.57      0.00     28.10     16.40      0.00      1.94
02:46:14        all     38.41      0.00     23.71     35.58      0.00      2.30
02:47:14        all     55.55      0.00     29.63     12.59      0.00      2.23
