Linux 6.12.94+deb13-cloud-amd64 (madrona) 	09/08/26 	_x86_64_	(16 CPU)

22:56:14        CPU     %user     %nice   %system   %iowait    %steal     %idle
22:57:14        all     48.59      0.00      7.85      1.54      0.00     42.02
22:58:14        all     91.74      0.00      7.13      0.32      0.00      0.81
22:59:14        all     92.30      0.00      6.53      0.32      0.00      0.85
23:00:14        all     92.28      0.00      6.55      0.33      0.00      0.84
23:01:14        all     92.39      0.00      6.45      0.32      0.00      0.84
23:02:14        all     92.47      0.00      6.38      0.31      0.00      0.84
23:03:14        all     92.46      0.00      6.41      0.31      0.00      0.83
23:04:14        all     92.49      0.00      6.36      0.31      0.00      0.83
23:05:14        all     92.60      0.00      6.28      0.31      0.00      0.81
23:06:14        all     92.57      0.00      6.30      0.30      0.00      0.83
23:07:14        all     92.56      0.00      6.33      0.30      0.00      0.81
23:08:14        all     92.53      0.00      6.37      0.29      0.00      0.80
23:09:14        all     92.53      0.00      6.35      0.31      0.00      0.81
23:10:14        all     92.62      0.00      6.25      0.31      0.00      0.82
23:11:14        all     93.04      0.00      6.08      0.24      0.00      0.64
23:12:14        all     92.81      0.00      6.17      0.26      0.00      0.76
23:13:14        all     92.34      0.00      6.41      0.33      0.00      0.92
23:14:14        all     92.44      0.00      6.33      0.32      0.00      0.91
23:15:14        all     92.47      0.00      6.33      0.32      0.00      0.88
23:16:14        all     92.54      0.00      6.28      0.32      0.00      0.87
23:17:14        all     92.49      0.00      6.37      0.31      0.00      0.84
23:18:14        all     92.58      0.00      6.22      0.32      0.00      0.88
23:19:14        all     92.52      0.00      6.30      0.31      0.00      0.87
23:20:14        all     92.57      0.00      6.28      0.32      0.00      0.83
23:21:14        all     92.60      0.00      6.25      0.31      0.00      0.84
23:22:14        all     92.62      0.00      6.26      0.31      0.00      0.82
23:23:14        all     92.67      0.00      6.18      0.31      0.00      0.85
23:24:14        all     92.63      0.00      6.20      0.31      0.00      0.86
23:25:14        all     92.72      0.00      6.16      0.30      0.00      0.82
23:26:14        all     92.65      0.00      6.22      0.30      0.00      0.83
23:27:14        all     92.66      0.00      6.23      0.31      0.00      0.80
23:28:14        all     92.60      0.00      6.28      0.29      0.00      0.83
23:29:14        all     92.54      0.00      6.32      0.30      0.00      0.84
23:30:14        all     92.55      0.00      6.33      0.30      0.00      0.83
23:31:14        all     92.62      0.00      6.22      0.31      0.00      0.85
23:32:14        all     92.53      0.00      6.33      0.30      0.00      0.83
23:33:14        all     92.64      0.00      6.24      0.29      0.00      0.83
23:34:14        all     92.53      0.00      6.30      0.31      0.00      0.85
23:35:14        all     92.68      0.00      6.20      0.30      0.00      0.82
23:36:14        all     92.67      0.00      6.17      0.32      0.00      0.83
23:37:14        all     92.67      0.00      6.22      0.31      0.00      0.80
23:38:14        all     92.72      0.00      6.15      0.30      0.00      0.83
23:39:14        all     92.67      0.00      6.18      0.32      0.00      0.83
23:40:14        all     92.68      0.00      6.21      0.30      0.00      0.81
23:41:14        all     92.65      0.00      6.22      0.31      0.00      0.83
23:42:14        all     92.43      0.00      6.32      0.33      0.00      0.92
23:43:14        all     92.42      0.00      6.30      0.33      0.00      0.95
23:44:14        all     92.55      0.00      6.23      0.32      0.00      0.89
23:45:14        all     92.56      0.00      6.23      0.32      0.00      0.89
23:46:14        all     92.55      0.00      6.26      0.31      0.00      0.87
23:47:14        all     92.59      0.00      6.21      0.33      0.00      0.87
23:48:14        all     92.50      0.00      6.31      0.32      0.00      0.87
23:49:14        all     92.63      0.00      6.18      0.32      0.00      0.87
23:50:14        all     92.59      0.00      6.25      0.31      0.00      0.85
23:51:14        all     92.66      0.00      6.15      0.31      0.00      0.87
23:52:14        all     92.72      0.00      6.13      0.31      0.00      0.84
23:53:14        all     92.54      0.00      6.32      0.31      0.00      0.83
23:54:14        all     92.69      0.00      6.13      0.32      0.00      0.86
23:55:14        all     92.75      0.00      6.10      0.31      0.00      0.83
23:56:14        all     92.67      0.00      6.18      0.31      0.00      0.84
23:57:14        all     92.62      0.00      6.25      0.32      0.00      0.81
