Linux 6.12.94+deb13-cloud-amd64 (madrona) 	09/10/26 	_x86_64_	(16 CPU)

09:02:39        CPU     %user     %nice   %system   %iowait    %steal     %idle
09:03:39        all     41.96      0.00     27.09      5.92      0.00     25.03
09:04:39        all     60.79      0.00     33.48      2.57      0.00      3.16
09:05:39        all     64.21      0.00     29.55      2.91      0.00      3.34
09:06:39        all     65.25      0.00     28.43      2.84      0.00      3.48
09:07:39        all     64.26      0.00     29.41      3.03      0.00      3.30
09:08:39        all     65.90      0.00     27.75      2.79      0.00      3.56
09:09:39        all     64.37      0.00     29.26      3.09      0.00      3.28
09:10:39        all     66.29      0.00     27.45      2.82      0.00      3.44
09:11:39        all     64.57      0.00     29.14      3.00      0.00      3.29
09:12:39        all     66.44      0.00     27.19      2.83      0.00      3.54
09:13:39        all     64.96      0.00     28.64      3.08      0.00      3.32
09:14:39        all     66.57      0.00     26.96      2.87      0.00      3.61
09:15:39        all     64.60      0.00     28.90      3.12      0.00      3.38
09:16:39        all     66.50      0.00     27.02      2.86      0.00      3.61
09:17:39        all     65.00      0.00     28.55      3.13      0.00      3.32
09:18:39        all     66.36      0.00     27.22      2.96      0.00      3.45
09:19:39        all     64.80      0.00     28.83      3.07      0.00      3.30
09:20:39        all     64.59      0.00     29.05      3.05      0.00      3.32
09:21:39        all     66.28      0.00     27.28      2.96      0.00      3.48
09:22:39        all     64.95      0.00     28.58      3.10      0.00      3.37
09:23:39        all     66.64      0.00     26.95      2.88      0.00      3.53
09:24:39        all     65.00      0.00     28.65      3.03      0.00      3.32
09:25:39        all     66.62      0.00     26.95      2.90      0.00      3.52
09:26:39        all     65.25      0.00     28.42      2.99      0.00      3.34
09:27:39        all     66.68      0.00     26.85      2.94      0.00      3.53
09:28:39        all     64.90      0.00     28.77      3.03      0.00      3.30
09:29:39        all     66.69      0.00     26.85      2.94      0.00      3.52
09:30:39        all     64.55      0.00     28.85      3.18      0.00      3.42
09:31:39        all     66.55      0.00     27.14      2.85      0.00      3.46
09:32:39        all     65.41      0.00     28.28      3.03      0.00      3.28
09:33:39        all     64.93      0.00     28.44      3.14      0.00      3.49
09:34:39        all     66.35      0.00     27.32      2.87      0.00      3.45
09:35:39        all     65.10      0.00     28.58      3.07      0.00      3.26
09:36:39        all     66.56      0.00     27.04      2.86      0.00      3.54
09:37:39        all     64.68      0.00     28.95      3.10      0.00      3.28
09:38:39        all     66.50      0.00     27.07      2.89      0.00      3.54
09:39:39        all     65.10      0.00     28.57      3.04      0.00      3.29
09:40:39        all     66.53      0.00     26.99      2.93      0.00      3.55
09:41:39        all     65.04      0.00     28.60      3.00      0.00      3.35
09:42:39        all     66.72      0.00     26.88      2.89      0.00      3.51
09:43:39        all     65.07      0.00     28.52      3.04      0.00      3.36
09:44:39        all     66.65      0.00     26.99      2.83      0.00      3.52
09:45:39        all     64.99      0.00     28.70      3.00      0.00      3.31
09:46:39        all     66.81      0.00     26.81      2.88      0.00      3.50
09:47:39        all     64.92      0.00     28.68      3.09      0.00      3.31
09:48:39        all     65.75      0.00     27.92      2.94      0.00      3.39
09:49:39        all     66.43      0.00     27.18      3.00      0.00      3.40
09:50:39        all     66.27      0.00     27.18      3.08      0.00      3.47
09:51:39        all     65.09      0.00     28.67      2.94      0.00      3.30
09:52:39        all     65.19      0.00     28.29      3.04      0.00      3.48
09:53:39        all     66.42      0.00     27.15      2.96      0.00      3.47
09:54:39        all     65.09      0.00     28.62      3.02      0.00      3.26
09:55:39        all     66.32      0.00     27.30      2.94      0.00      3.44
09:56:39        all     65.16      0.00     28.35      3.02      0.00      3.46
09:57:39        all     66.17      0.00     27.30      3.07      0.00      3.46
09:58:39        all     65.02      0.00     28.53      3.04      0.00      3.41
09:59:39        all     66.43      0.00     27.10      2.96      0.00      3.51
10:00:39        all     66.41      0.00     26.97      3.08      0.00      3.54
10:01:39        all     64.89      0.00     28.70      2.98      0.00      3.43
10:02:39        all     66.52      0.00     26.95      2.98      0.00      3.55
10:03:39        all     65.22      0.00     28.35      3.07      0.00      3.36
