Linux 6.12.94+deb13-cloud-amd64 (madrona) 	09/08/26 	_x86_64_	(16 CPU)

06:13:38        CPU     %user     %nice   %system   %iowait    %steal     %idle
06:14:38        all     16.89      0.00      3.88      1.29      0.00     77.94
06:15:38        all     27.07      0.00      4.37      2.16      0.00     66.40
06:16:38        all     27.18      0.00      4.37      2.13      0.00     66.32
06:17:38        all     27.23      0.00      4.30      2.18      0.00     66.28
06:18:38        all     27.29      0.00      4.30      2.20      0.00     66.21
06:19:38        all     27.30      0.00      4.28      2.20      0.00     66.22
06:20:38        all     27.33      0.00      4.25      2.23      0.00     66.20
06:21:38        all     27.37      0.00      4.29      2.23      0.00     66.11
06:22:38        all     27.43      0.00      4.21      2.26      0.00     66.11
06:23:38        all     27.40      0.00      4.29      2.29      0.00     66.02
06:24:38        all     27.38      0.00      4.34      2.34      0.00     65.95
06:25:38        all     27.37      0.00      4.34      2.30      0.00     65.98
06:26:38        all     27.43      0.00      4.29      2.30      0.00     65.98
06:27:38        all     27.39      0.00      4.33      2.30      0.00     65.98
06:28:38        all     27.46      0.00      4.29      2.30      0.00     65.95
06:29:38        all     27.39      0.00      4.34      2.31      0.00     65.96
06:30:38        all     27.44      0.00      4.32      2.28      0.00     65.95
06:31:38        all     27.50      0.00      4.32      2.25      0.00     65.93
06:32:38        all     27.51      0.00      4.34      2.25      0.00     65.90
06:33:38        all     27.51      0.00      4.30      2.24      0.00     65.96
06:34:38        all     27.49      0.00      4.35      2.24      0.00     65.92
06:35:38        all     27.47      0.00      4.32      2.23      0.00     65.97
06:36:38        all     27.51      0.00      4.34      2.21      0.00     65.94
06:37:38        all     27.50      0.00      4.32      2.24      0.00     65.94
06:38:38        all     27.50      0.00      4.36      2.24      0.00     65.90
06:39:38        all     27.45      0.00      4.54      2.17      0.00     65.84
06:40:38        all     27.58      0.00      4.24      2.20      0.00     65.98
06:41:38        all     27.59      0.00      4.25      2.17      0.00     65.98
06:42:38        all     27.41      0.00      4.31      2.41      0.00     65.87
06:43:38        all     27.47      0.00      4.21      2.34      0.00     65.98
06:44:38        all     27.51      0.00      4.28      2.36      0.00     65.84
06:45:38        all     27.51      0.00      4.31      2.32      0.00     65.86
06:46:38        all     27.51      0.00      4.24      2.30      0.00     65.95
06:47:38        all     27.50      0.00      4.29      2.30      0.00     65.91
06:48:38        all     27.48      0.00      4.28      2.26      0.00     65.98
06:49:38        all     27.56      0.06      4.37      2.27      0.00     65.73
06:50:38        all     27.52      0.00      4.28      2.29      0.00     65.91
06:51:38        all     27.60      0.00      4.25      2.23      0.00     65.93
06:52:38        all     27.63      0.00      4.23      2.23      0.00     65.91
06:53:38        all     27.52      0.00      4.24      2.22      0.00     66.03
06:54:38        all     27.51      0.00      4.29      2.25      0.00     65.95
06:55:38        all     27.54      0.00      4.29      2.26      0.00     65.90
06:56:38        all     27.47      0.00      4.33      2.27      0.00     65.93
06:57:38        all     27.44      0.00      4.39      2.28      0.00     65.89
06:58:38        all     27.46      0.00      4.31      2.28      0.00     65.95
06:59:38        all     27.39      0.00      4.45      2.34      0.00     65.82
07:00:38        all     27.45      0.00      4.34      2.32      0.00     65.90
07:01:38        all     27.51      0.00      4.26      2.21      0.00     66.02
07:02:38        all     27.47      0.00      4.28      2.28      0.00     65.97
07:03:38        all     27.41      0.00      4.36      2.28      0.00     65.95
07:04:38        all     27.35      0.00      4.31      2.26      0.00     66.08
07:05:38        all     27.47      0.00      4.36      2.29      0.00     65.88
07:06:38        all     27.54      0.00      4.26      2.38      0.00     65.82
07:07:38        all     28.61      0.00      4.57      2.28      0.00     64.54
07:08:38        all     28.04      0.00      4.47      2.30      0.00     65.18
07:09:38        all     27.54      0.00      4.44      2.25      0.00     65.76
07:10:38        all     27.47      0.00      4.35      2.22      0.00     65.96
07:11:38        all     27.62      0.00      4.23      2.21      0.00     65.94
07:12:38        all     27.36      0.00      4.35      2.52      0.00     65.76
07:13:38        all     27.41      0.00      4.29      2.37      0.00     65.94
07:14:38        all     27.46      0.00      4.31      2.39      0.00     65.84
