Linux 6.12.94+deb13-cloud-amd64 (madrona) 	09/09/26 	_x86_64_	(16 CPU)

06:16:12        CPU     %user     %nice   %system   %iowait    %steal     %idle
06:17:12        all     54.79      0.00      8.87      1.38      0.00     34.97
06:18:12        all     92.86      0.00      6.74      0.09      0.00      0.30
06:19:12        all     94.14      0.00      5.55      0.08      0.00      0.23
06:20:12        all     94.20      0.00      5.50      0.08      0.00      0.23
06:21:12        all     94.33      0.00      5.38      0.07      0.00      0.22
06:22:12        all     94.21      0.00      5.47      0.07      0.00      0.24
06:23:12        all     94.15      0.00      5.55      0.07      0.00      0.23
06:24:12        all     94.37      0.00      5.33      0.08      0.00      0.23
06:25:12        all     94.26      0.00      5.43      0.07      0.00      0.23
06:26:12        all     94.29      0.00      5.42      0.08      0.00      0.21
06:27:12        all     94.36      0.00      5.33      0.08      0.00      0.24
06:28:12        all     94.31      0.00      5.38      0.07      0.00      0.24
06:29:12        all     94.30      0.00      5.39      0.08      0.00      0.23
06:30:12        all     94.38      0.00      5.32      0.07      0.00      0.23
06:31:12        all     94.41      0.00      5.26      0.07      0.00      0.25
06:32:12        all     94.38      0.00      5.33      0.07      0.00      0.22
06:33:12        all     94.43      0.00      5.28      0.06      0.00      0.22
06:34:12        all     94.44      0.00      5.26      0.07      0.00      0.23
06:35:12        all     94.40      0.00      5.29      0.07      0.00      0.24
06:36:12        all     94.38      0.00      5.31      0.07      0.00      0.24
06:37:12        all     94.45      0.00      5.25      0.06      0.00      0.24
06:38:12        all     94.39      0.00      5.30      0.07      0.00      0.25
06:39:12        all     94.48      0.00      5.20      0.07      0.00      0.25
06:40:12        all     94.36      0.00      5.33      0.07      0.00      0.24
06:41:12        all     94.35      0.00      5.33      0.07      0.00      0.25
06:42:12        all     94.30      0.00      5.37      0.08      0.00      0.25
06:43:12        all     94.29      0.00      5.38      0.07      0.00      0.26
06:44:12        all     94.34      0.00      5.34      0.08      0.00      0.24
06:45:12        all     94.37      0.00      5.33      0.06      0.00      0.24
06:46:12        all     94.33      0.00      5.34      0.07      0.00      0.25
06:47:12        all     94.40      0.00      5.27      0.08      0.00      0.26
06:48:12        all     94.28      0.00      5.41      0.07      0.00      0.24
06:49:12        all     94.46      0.00      5.23      0.08      0.00      0.24
06:50:12        all     94.45      0.00      5.23      0.07      0.00      0.24
06:51:12        all     94.36      0.00      5.34      0.06      0.00      0.24
06:52:12        all     94.41      0.00      5.29      0.07      0.00      0.24
06:53:12        all     94.44      0.00      5.26      0.06      0.00      0.23
06:54:12        all     94.43      0.00      5.27      0.06      0.00      0.24
06:55:12        all     94.47      0.00      5.25      0.06      0.00      0.22
06:56:12        all     94.43      0.00      5.26      0.07      0.00      0.24
06:57:12        all     94.52      0.00      5.19      0.06      0.00      0.23
06:58:12        all     94.55      0.00      5.15      0.06      0.00      0.24
06:59:12        all     94.47      0.00      5.23      0.06      0.00      0.23
07:00:12        all     94.52      0.00      5.19      0.06      0.00      0.23
07:01:12        all     94.49      0.00      5.19      0.06      0.00      0.26
07:02:12        all     94.54      0.00      5.15      0.07      0.00      0.23
07:03:12        all     94.41      0.00      5.27      0.07      0.00      0.25
07:04:12        all     94.34      0.00      5.36      0.06      0.00      0.24
07:05:12        all     94.46      0.00      5.21      0.06      0.00      0.26
07:06:12        all     94.48      0.00      5.24      0.06      0.00      0.22
07:07:12        all     94.39      0.00      5.30      0.06      0.00      0.25
07:08:12        all     94.43      0.00      5.26      0.07      0.00      0.24
07:09:12        all     94.46      0.00      5.24      0.06      0.00      0.23
07:10:12        all     94.47      0.00      5.23      0.06      0.00      0.23
07:11:12        all     94.56      0.00      5.15      0.06      0.00      0.24
07:12:12        all     94.42      0.00      5.26      0.06      0.00      0.25
07:13:12        all     94.25      0.00      5.41      0.07      0.00      0.26
07:14:12        all     94.39      0.00      5.28      0.07      0.00      0.26
07:15:12        all     94.54      0.00      5.21      0.05      0.00      0.20
07:16:12        all     94.57      0.00      5.18      0.06      0.00      0.20
07:17:12        all     94.45      0.00      5.24      0.07      0.00      0.24
