Linux 6.12.94+deb13-cloud-amd64 (madrona) 	09/10/26 	_x86_64_	(16 CPU)

00:19:09        CPU     %user     %nice   %system   %iowait    %steal     %idle
00:20:09        all     28.57      0.00     17.82     10.02      0.00     43.59
00:21:09        all     58.14      0.00     29.78      9.67      0.00      2.41
00:22:09        all     61.48      0.00     26.88      8.94      0.00      2.70
00:23:09        all     61.80      0.00     26.27      9.07      0.00      2.86
00:24:09        all     60.29      0.00     26.91     10.05      0.00      2.75
00:25:09        all     62.22      0.00     26.12      8.88      0.00      2.77
00:26:09        all     62.20      0.00     25.70      9.41      0.00      2.69
00:27:09        all     60.49      0.00     26.16      9.78      0.00      3.57
00:28:09        all     62.27      0.00     26.00      8.99      0.00      2.74
00:29:09        all     60.43      0.00     27.01      9.75      0.00      2.80
00:30:09        all     62.29      0.00     25.60      9.36      0.00      2.75
00:31:09        all     62.70      0.00     25.49      9.02      0.00      2.79
00:32:09        all     60.58      0.00     26.45      9.87      0.00      3.10
00:33:09        all     62.60      0.00     25.89      8.60      0.00      2.90
00:34:09        all     59.42      0.00     27.30     10.62      0.00      2.67
00:35:09        all     61.74      0.00     25.73      9.75      0.00      2.78
00:36:09        all     62.54      0.00     25.94      8.66      0.00      2.86
00:37:09        all     60.86      0.00     26.54      9.88      0.00      2.72
00:38:09        all     62.66      0.00     25.67      8.85      0.00      2.83
00:39:09        all     60.93      0.00     26.72      9.61      0.00      2.75
00:40:09        all     61.68      0.00     25.71      9.91      0.00      2.70
00:41:09        all     60.96      0.00     26.94      9.41      0.00      2.69
00:42:09        all     61.89      0.00     25.54      9.81      0.00      2.76
00:43:09        all     62.48      0.00     25.92      8.74      0.00      2.86
00:44:09        all     60.70      0.00     26.22     10.13      0.00      2.96
00:45:09        all     62.52      0.00     25.55      9.26      0.00      2.67
00:46:09        all     62.23      0.00     25.56      9.49      0.00      2.72
00:47:09        all     62.39      0.00     25.32      9.55      0.00      2.74
00:48:09        all     61.19      0.00     26.29      9.73      0.00      2.79
00:49:09        all     62.51      0.00     25.60      9.01      0.00      2.87
00:50:09        all     62.20      0.00     25.41      9.69      0.00      2.69
00:51:09        all     60.84      0.00     26.20      9.84      0.00      3.11
00:52:09        all     62.54      0.00     25.56      9.20      0.00      2.70
00:53:09        all     60.18      0.00     26.43     10.80      0.00      2.59
00:54:09        all     62.30      0.00     25.69      9.23      0.00      2.78
00:55:09        all     62.41      0.00     25.58      9.21      0.00      2.80
00:56:09        all     61.00      0.00     26.33     10.06      0.00      2.61
00:57:09        all     62.75      0.00     25.74      8.66      0.00      2.84
00:58:09        all     61.37      0.00     26.27      9.69      0.00      2.66
00:59:09        all     62.09      0.00     26.13      9.05      0.00      2.73
01:00:09        all     62.21      0.00     25.30      9.85      0.00      2.64
01:01:09        all     61.24      0.00     26.52      9.38      0.00      2.86
01:02:09        all     62.74      0.00     25.79      8.66      0.00      2.80
01:03:09        all     60.37      0.00     26.84     10.21      0.00      2.58
01:04:09        all     62.71      0.00     25.86      8.65      0.00      2.78
01:05:09        all     60.32      0.00     26.52     10.51      0.00      2.65
01:06:09        all     62.27      0.00     25.84      9.08      0.00      2.81
01:07:09        all     62.20      0.00     25.70      9.35      0.00      2.75
01:08:09        all     62.50      0.00     25.52      9.30      0.00      2.68
01:09:09        all     61.15      0.00     26.54      9.66      0.00      2.65
01:10:09        all     62.08      0.00     25.80      9.42      0.00      2.70
01:11:09        all     62.52      0.00     25.83      8.84      0.00      2.81
01:12:09        all     61.32      0.00     26.24      9.67      0.00      2.77
01:13:09        all     62.60      0.00     25.90      8.66      0.00      2.83
01:14:09        all     60.74      0.00     26.86      9.71      0.00      2.69
01:15:09        all     62.55      0.00     25.75      8.91      0.00      2.79
01:16:09        all     62.20      0.00     25.42      9.64      0.00      2.73
01:17:09        all     60.78      0.00     25.96      9.99      0.00      3.27
01:18:09        all     62.27      0.00     25.81      9.16      0.00      2.77
01:19:09        all     59.80      0.00     26.58     10.69      0.00      2.92
01:20:09        all     62.54      0.00     25.49      9.18      0.00      2.79
