Linux 6.12.94+deb13-cloud-amd64 (madrona) 	09/12/26 	_x86_64_	(16 CPU)

09:46:55        CPU     %user     %nice   %system   %iowait    %steal     %idle
09:47:55        all     32.97      0.00     20.97     10.05      0.00     36.01
09:48:55        all     60.13      0.00     31.58      4.87      0.00      3.43
09:49:55        all     62.73      0.00     28.59      4.90      0.00      3.78
09:50:55        all     58.28      0.00     27.89     10.83      0.00      3.00
09:51:55        all     62.98      0.00     28.18      5.19      0.00      3.65
09:52:55        all     62.61      0.00     28.52      5.18      0.00      3.69
09:53:55        all     63.28      0.00     27.73      5.21      0.00      3.78
09:54:55        all     59.65      0.00     27.75      9.42      0.00      3.18
09:55:55        all     63.76      0.00     27.41      5.19      0.00      3.64
09:56:55        all     64.15      0.00     27.26      4.88      0.00      3.71
09:57:55        all     62.38      0.00     28.51      5.50      0.00      3.62
09:58:55        all     57.95      0.00     27.21     11.79      0.00      3.05
09:59:55        all     64.19      0.00     27.40      4.58      0.00      3.84
10:00:55        all     63.92      0.00     27.11      5.16      0.00      3.81
10:01:55        all     62.74      0.00     28.18      5.47      0.00      3.62
10:02:55        all     59.66      0.00     27.11     10.04      0.00      3.19
10:03:55        all     63.80      0.00     27.31      5.11      0.00      3.77
10:04:55        all     64.26      0.00     26.97      5.00      0.00      3.78
10:05:55        all     62.78      0.00     28.01      5.63      0.00      3.58
10:06:55        all     63.37      0.00     27.41      5.48      0.00      3.74
10:07:55        all     58.69      0.00     27.25     10.85      0.00      3.21
10:08:55        all     63.95      0.00     27.09      5.12      0.00      3.83
10:09:55        all     62.76      0.00     28.07      5.44      0.00      3.73
10:10:55        all     63.97      0.00     27.29      4.93      0.00      3.81
10:11:55        all     59.23      0.00     27.57     10.02      0.00      3.18
10:12:55        all     64.03      0.00     27.01      5.17      0.00      3.80
10:13:55        all     64.48      0.00     26.95      4.68      0.00      3.90
10:14:55        all     62.74      0.00     28.12      5.49      0.00      3.66
10:15:55        all     59.15      0.00     27.25     10.54      0.00      3.06
10:16:55        all     63.96      0.00     27.48      4.66      0.00      3.90
10:17:55        all     63.86      0.00     27.34      4.85      0.00      3.95
10:18:55        all     62.55      0.00     28.28      5.61      0.00      3.56
10:19:55        all     57.15      0.00     26.50     13.34      0.00      3.01
10:20:55        all     63.90      0.00     27.58      4.75      0.00      3.77
10:21:55        all     64.17      0.00     27.02      5.06      0.00      3.75
10:22:55        all     62.38      0.00     28.36      5.70      0.00      3.57
10:23:55        all     57.58      0.00     26.86     12.47      0.00      3.09
10:24:55        all     63.85      0.00     27.54      4.78      0.00      3.83
10:25:55        all     64.05      0.00     27.06      5.01      0.00      3.88
10:26:55        all     62.41      0.00     28.19      5.88      0.00      3.52
10:27:55        all     60.80      0.00     27.32      8.57      0.00      3.32
10:28:55        all     63.60      0.00     27.53      5.09      0.00      3.78
10:29:55        all     64.19      0.00     27.00      5.02      0.00      3.78
10:30:55        all     62.83      0.00     28.25      5.25      0.00      3.67
10:31:55        all     64.00      0.00     27.32      4.79      0.00      3.88
10:32:55        all     61.15      0.00     27.80      7.77      0.00      3.27
10:33:55        all     64.26      0.00     27.02      4.91      0.00      3.81
10:34:55        all     64.34      0.00     26.93      4.86      0.00      3.87
10:35:55        all     62.87      0.00     28.13      5.29      0.00      3.70
10:36:55        all     60.66      0.00     27.52      8.58      0.00      3.25
10:37:55        all     64.12      0.00     27.23      4.76      0.00      3.89
10:38:55        all     63.90      0.00     27.14      5.22      0.00      3.74
10:39:55        all     62.79      0.00     28.07      5.45      0.00      3.70
10:40:55        all     63.66      0.00     27.35      5.23      0.00      3.77
10:41:55        all     61.64      0.00     27.46      7.55      0.00      3.35
10:42:55        all     63.96      0.00     27.26      4.99      0.00      3.79
10:43:55        all     62.86      0.00     28.16      5.27      0.00      3.71
10:44:55        all     64.09      0.00     27.17      4.88      0.00      3.85
10:45:55        all     58.69      0.00     27.19     11.11      0.00      3.01
10:46:55        all     64.03      0.00     27.06      5.15      0.00      3.76
10:47:55        all     64.36      0.00     27.10      4.72      0.00      3.82
