Linux 6.12.94+deb13-cloud-amd64 (madrona) 	09/08/26 	_x86_64_	(16 CPU)

05:11:17        CPU     %user     %nice   %system   %iowait    %steal     %idle
05:12:17        all     14.43      0.00      3.47      1.16      0.00     80.94
05:13:17        all     20.80      0.00      3.92      1.86      0.00     73.42
05:14:17        all     20.99      0.00      3.86      1.90      0.00     73.25
05:15:17        all     21.10      0.00      3.83      1.89      0.00     73.18
05:16:17        all     21.09      0.00      3.88      1.91      0.00     73.12
05:17:17        all     21.14      0.00      3.86      1.89      0.00     73.10
05:18:17        all     21.15      0.00      3.87      1.89      0.00     73.08
05:19:17        all     21.26      0.00      3.84      1.91      0.00     73.00
05:20:17        all     21.27      0.00      3.85      1.89      0.00     72.99
05:21:17        all     21.33      0.00      3.85      1.86      0.00     72.95
05:22:17        all     21.29      0.00      3.86      1.89      0.00     72.95
05:23:17        all     21.31      0.00      3.84      1.89      0.00     72.97
05:24:17        all     21.32      0.00      3.87      1.86      0.00     72.95
05:25:17        all     21.36      0.00      3.90      1.84      0.00     72.90
05:26:17        all     21.40      0.00      3.81      1.80      0.00     72.99
05:27:17        all     21.41      0.00      3.90      1.79      0.00     72.89
05:28:17        all     21.37      0.00      3.91      1.81      0.00     72.91
05:29:17        all     21.42      0.00      3.84      1.80      0.00     72.94
05:30:17        all     21.44      0.00      3.86      1.75      0.00     72.95
05:31:17        all     21.46      0.00      3.87      1.74      0.00     72.94
05:32:17        all     21.40      0.00      3.87      1.72      0.00     73.01
05:33:17        all     21.44      0.00      3.88      1.78      0.00     72.89
05:34:17        all     21.46      0.00      3.88      1.76      0.00     72.91
05:35:17        all     21.34      0.00      3.94      1.77      0.00     72.95
05:36:17        all     21.37      0.00      3.93      1.74      0.00     72.95
05:37:17        all     21.49      0.00      3.84      1.73      0.00     72.93
05:38:17        all     21.50      0.00      3.82      1.71      0.00     72.96
05:39:17        all     21.40      0.00      3.88      1.70      0.00     73.02
05:40:17        all     21.48      0.00      3.84      1.75      0.00     72.94
05:41:17        all     21.46      0.00      3.83      1.74      0.00     72.98
05:42:17        all     21.36      0.00      3.85      1.83      0.00     72.96
05:43:17        all     21.41      0.00      3.93      1.98      0.00     72.68
05:44:17        all     21.45      0.00      3.81      1.87      0.00     72.87
05:45:17        all     21.42      0.00      3.91      1.87      0.00     72.80
05:46:17        all     21.36      0.00      3.87      1.82      0.00     72.94
05:47:17        all     21.34      0.00      3.91      1.81      0.00     72.94
05:48:17        all     21.40      0.00      3.91      1.81      0.00     72.89
05:49:17        all     21.44      0.00      3.87      1.79      0.00     72.90
05:50:17        all     21.45      0.00      3.87      1.79      0.00     72.89
05:51:17        all     21.38      0.00      3.84      1.78      0.00     73.00
05:52:17        all     21.40      0.00      3.96      1.78      0.00     72.87
05:53:17        all     21.37      0.00      3.86      1.78      0.00     72.99
05:54:17        all     21.43      0.00      3.83      1.77      0.00     72.96
05:55:17        all     21.39      0.00      3.89      1.76      0.00     72.95
05:56:17        all     21.43      0.00      3.86      1.77      0.00     72.94
05:57:17        all     21.49      0.00      3.82      1.76      0.00     72.93
05:58:17        all     21.49      0.00      3.82      1.79      0.00     72.90
05:59:17        all     21.56      0.00      3.80      1.77      0.00     72.86
06:00:17        all     21.40      0.00      3.86      1.75      0.00     73.00
06:01:17        all     21.37      0.00      3.89      1.70      0.00     73.04
06:02:17        all     21.50      0.00      3.82      1.75      0.00     72.93
06:03:17        all     21.46      0.00      3.81      1.76      0.00     72.97
06:04:17        all     21.52      0.00      3.79      1.78      0.00     72.91
06:05:17        all     21.41      0.00      3.85      1.76      0.00     72.98
06:06:17        all     21.52      0.00      3.81      1.75      0.00     72.93
06:07:17        all     21.46      0.00      3.85      1.76      0.00     72.93
06:08:17        all     21.43      0.00      3.86      1.79      0.00     72.92
06:09:17        all     21.42      0.00      3.88      1.77      0.00     72.93
06:10:17        all     21.38      0.00      3.85      1.73      0.00     73.04
06:11:17        all     21.45      0.00      3.77      1.73      0.00     73.05
06:12:17        all     21.38      0.00      3.83      1.82      0.00     72.98
