Linux 6.12.94+deb13-cloud-amd64 (madrona) 	09/08/26 	_x86_64_	(16 CPU)

03:06:05        CPU     %user     %nice   %system   %iowait    %steal     %idle
03:07:05        all      9.10      0.00      2.70      0.56      0.00     87.64
03:08:05        all      9.51      0.00      2.65      0.68      0.00     87.16
03:09:05        all      9.50      0.00      2.69      0.70      0.00     87.11
03:10:05        all      9.48      0.00      2.66      0.66      0.00     87.19
03:11:05        all      9.49      0.00      2.65      0.59      0.00     87.27
03:12:05        all      9.57      0.00      2.62      0.63      0.00     87.18
03:13:05        all      9.42      0.00      2.70      0.69      0.00     87.18
03:14:05        all      9.46      0.00      2.64      0.69      0.00     87.20
03:15:05        all      9.55      0.00      2.71      0.74      0.00     87.00
03:16:05        all      9.52      0.00      2.65      0.73      0.00     87.10
03:17:05        all      9.51      0.00      2.68      0.73      0.00     87.07
03:18:05        all      9.54      0.00      2.65      0.73      0.00     87.08
03:19:05        all      9.50      0.00      2.74      0.77      0.00     86.99
03:20:05        all      9.53      0.00      2.75      0.76      0.00     86.96
03:21:05        all      9.54      0.00      2.66      0.71      0.00     87.09
03:22:05        all      9.61      0.00      2.66      0.74      0.00     86.99
03:23:05        all      9.47      0.00      2.68      0.71      0.00     87.14
03:24:05        all      9.52      0.00      2.70      0.72      0.00     87.07
03:25:05        all      9.47      0.00      2.69      0.71      0.00     87.13
03:26:05        all      9.59      0.00      2.67      0.74      0.00     86.99
03:27:05        all      9.41      0.00      2.78      0.74      0.00     87.07
03:28:05        all      9.52      0.00      2.69      0.72      0.00     87.07
03:29:05        all      9.49      0.00      2.69      0.77      0.00     87.05
03:30:05        all      9.57      0.00      2.65      0.75      0.00     87.03
03:31:05        all      9.49      0.00      2.70      0.67      0.00     87.13
03:32:05        all      9.55      0.00      2.67      0.69      0.00     87.09
03:33:05        all      9.59      0.00      2.68      0.71      0.00     87.03
03:34:05        all      9.51      0.00      2.73      0.74      0.00     87.02
03:35:05        all      9.49      0.00      2.68      0.66      0.00     87.17
03:36:05        all      9.52      0.00      2.73      0.69      0.00     87.06
03:37:05        all      9.51      0.00      2.69      0.68      0.00     87.12
03:38:05        all      9.56      0.00      2.71      0.70      0.00     87.03
03:39:05        all      9.59      0.00      2.74      0.71      0.00     86.96
03:40:05        all      9.56      0.00      2.70      0.63      0.00     87.11
03:41:05        all      9.54      0.00      2.77      0.63      0.00     87.07
03:42:05        all      9.54      0.00      2.66      0.65      0.00     87.16
03:43:05        all      9.51      0.00      2.66      0.66      0.00     87.17
03:44:05        all      9.53      0.00      2.65      0.67      0.00     87.15
03:45:05        all      9.54      0.00      2.64      0.69      0.00     87.13
03:46:05        all      9.49      0.01      2.72      0.71      0.00     87.07
03:47:05        all      9.54      0.00      2.70      0.71      0.00     87.05
03:48:05        all      9.53      0.00      2.69      0.71      0.00     87.07
03:49:05        all      9.51      0.00      2.67      0.69      0.00     87.13
03:50:05        all      9.51      0.00      2.65      0.69      0.00     87.15
03:51:05        all      9.57      0.00      2.62      0.69      0.00     87.11
03:52:05        all      9.57      0.00      2.70      0.69      0.00     87.04
03:53:05        all      9.52      0.00      2.70      0.69      0.00     87.09
03:54:05        all      9.52      0.00      2.68      0.70      0.00     87.10
03:55:05        all      9.56      0.00      2.70      0.71      0.00     87.04
03:56:05        all      9.54      0.00      2.72      0.69      0.00     87.05
03:57:05        all      9.52      0.00      2.67      0.67      0.00     87.15
03:58:05        all      9.51      0.00      2.67      0.69      0.00     87.13
03:59:05        all      9.59      0.00      2.63      0.70      0.00     87.08
04:00:05        all      9.50      0.00      2.71      0.68      0.00     87.11
04:01:05        all      9.50      0.00      2.69      0.66      0.00     87.15
04:02:05        all      9.64      0.00      2.70      0.73      0.00     86.93
04:03:05        all      9.59      0.00      2.77      0.86      0.00     86.78
04:04:05        all      9.49      0.00      2.58      0.68      0.00     87.26
04:05:05        all      9.43      0.00      2.63      0.66      0.00     87.27
04:06:05        all      9.45      0.00      2.80      0.69      0.00     87.07
04:07:05        all      9.56      0.00      2.66      0.67      0.00     87.11
04:08:05        all      0.93      0.00      0.46      0.11      0.00     98.51
