Linux 6.12.94+deb13-cloud-amd64 (madrona) 	09/10/26 	_x86_64_	(16 CPU)

01:21:39        CPU     %user     %nice   %system   %iowait    %steal     %idle
01:22:39        all     33.74      0.00     20.97      9.65      0.00     35.64
01:23:39        all     62.05      0.00     30.02      4.26      0.00      3.66
01:24:39        all     63.48      0.00     27.93      4.93      0.00      3.66
01:25:39        all     63.58      0.00     27.83      4.90      0.00      3.69
01:26:39        all     62.79      0.00     27.98      5.65      0.00      3.58
01:27:39        all     64.24      0.00     27.28      4.61      0.00      3.87
01:28:39        all     64.63      0.00     26.73      4.82      0.00      3.82
01:29:39        all     63.48      0.00     27.66      5.08      0.00      3.77
01:30:39        all     64.80      0.00     26.68      4.69      0.00      3.83
01:31:39        all     62.78      0.00     28.27      5.31      0.00      3.65
01:32:39        all     64.74      0.00     26.80      4.46      0.00      4.00
01:33:39        all     62.60      0.00     27.72      6.22      0.00      3.46
01:34:39        all     64.40      0.00     26.77      4.98      0.00      3.85
01:35:39        all     61.59      0.00     28.62      6.31      0.00      3.48
01:36:39        all     64.54      0.00     26.62      5.12      0.00      3.71
01:37:39        all     65.17      0.00     26.25      4.67      0.00      3.91
01:38:39        all     63.76      0.00     27.39      5.11      0.00      3.74
01:39:39        all     64.75      0.00     26.66      4.78      0.00      3.81
01:40:39        all     63.14      0.00     27.99      5.13      0.00      3.74
01:41:39        all     62.87      0.00     27.13      6.43      0.00      3.57
01:42:39        all     64.81      0.00     26.74      4.56      0.00      3.88
01:43:39        all     64.64      0.00     26.69      4.91      0.00      3.75
01:44:39        all     64.10      0.00     27.33      4.77      0.00      3.79
01:45:39        all     64.69      0.00     26.54      4.93      0.00      3.84
01:46:39        all     63.71      0.00     26.88      5.79      0.00      3.62
01:47:39        all     65.01      0.00     26.46      4.55      0.00      3.98
01:48:39        all     62.44      0.00     28.10      5.93      0.00      3.52
01:49:39        all     64.95      0.00     26.46      4.70      0.00      3.89
01:50:39        all     64.84      0.00     26.33      4.98      0.00      3.85
01:51:39        all     63.94      0.00     27.07      5.22      0.00      3.77
01:52:39        all     65.11      0.00     26.33      4.68      0.00      3.88
01:53:39        all     62.71      0.00     28.00      5.69      0.00      3.59
01:54:39        all     64.88      0.00     26.49      4.77      0.00      3.85
01:55:39        all     64.97      0.00     26.26      4.88      0.00      3.90
01:56:39        all     64.20      0.00     26.93      5.16      0.00      3.70
01:57:39        all     65.05      0.00     26.40      4.75      0.00      3.80
01:58:39        all     63.37      0.00     27.52      5.50      0.00      3.61
01:59:39        all     65.31      0.00     26.18      4.71      0.00      3.80
02:00:39        all     63.04      0.00     27.59      5.48      0.00      3.89
02:01:39        all     64.96      0.00     26.49      4.62      0.00      3.94
02:02:39        all     65.15      0.00     26.09      4.93      0.00      3.83
02:03:39        all     63.99      0.00     27.36      4.88      0.00      3.77
02:04:39        all     65.16      0.00     26.09      4.95      0.00      3.80
02:05:39        all     63.84      0.00     27.34      5.05      0.00      3.77
02:06:39        all     64.85      0.00     26.55      4.69      0.00      3.91
02:07:39        all     63.78      0.00     27.38      5.19      0.00      3.64
02:08:39        all     64.98      0.00     26.32      4.80      0.00      3.90
02:09:39        all     65.00      0.00     26.26      4.94      0.00      3.81
02:10:39        all     64.28      0.00     26.95      5.15      0.00      3.62
02:11:39        all     65.15      0.00     26.36      4.58      0.00      3.90
02:12:39        all     63.50      0.00     27.50      5.35      0.00      3.64
02:13:39        all     64.87      0.00     26.51      4.78      0.00      3.85
02:14:39        all     62.90      0.00     27.88      5.68      0.00      3.55
02:15:39        all     64.95      0.00     26.48      4.70      0.00      3.87
02:16:39        all     62.69      0.00     28.13      5.62      0.00      3.56
02:17:39        all     65.05      0.00     26.28      4.75      0.00      3.92
02:18:39        all     64.87      0.00     26.23      5.11      0.00      3.79
02:19:39        all     63.74      0.00     26.95      5.16      0.00      4.14
02:20:39        all     64.86      0.00     26.47      4.87      0.00      3.80
02:21:39        all     65.05      0.00     26.08      5.07      0.00      3.80
02:22:39        all     63.48      0.00     27.60      5.11      0.00      3.81
