Linux 6.12.94+deb13-cloud-amd64 (madrona) 	09/09/26 	_x86_64_	(16 CPU)

02:04:48        CPU     %user     %nice   %system   %iowait    %steal     %idle
02:05:48        all     53.85      0.00      8.49      1.34      0.00     36.32
02:06:48        all     92.53      0.00      6.74      0.19      0.00      0.54
02:07:48        all     93.33      0.00      6.02      0.16      0.00      0.49
02:08:48        all     93.31      0.00      6.06      0.16      0.00      0.47
02:09:48        all     93.52      0.00      5.87      0.15      0.00      0.45
02:10:48        all     93.38      0.00      6.01      0.16      0.00      0.46
02:11:48        all     93.47      0.00      5.92      0.16      0.00      0.45
02:12:48        all     93.25      0.00      6.04      0.16      0.00      0.54
02:13:48        all     93.34      0.00      5.98      0.16      0.00      0.51
02:14:48        all     93.46      0.00      5.88      0.16      0.00      0.50
02:15:48        all     93.40      0.00      5.93      0.16      0.00      0.51
02:16:48        all     93.32      0.00      6.01      0.16      0.00      0.51
02:17:48        all     93.38      0.00      5.95      0.16      0.00      0.51
02:18:48        all     93.51      0.00      5.84      0.16      0.00      0.49
02:19:48        all     93.47      0.00      5.89      0.15      0.00      0.49
02:20:48        all     93.42      0.00      5.94      0.16      0.00      0.48
02:21:48        all     93.51      0.00      5.84      0.16      0.00      0.48
02:22:48        all     93.55      0.00      5.82      0.15      0.00      0.47
02:23:48        all     93.53      0.00      5.84      0.15      0.00      0.48
02:24:48        all     92.72      0.00      6.53      0.17      0.00      0.58
02:25:48        all     92.51      0.00      6.75      0.17      0.00      0.57
02:26:48        all     92.55      0.00      6.70      0.19      0.00      0.56
02:27:48        all     92.65      0.00      6.59      0.18      0.00      0.58
02:28:48        all     92.68      0.00      6.59      0.17      0.00      0.56
02:29:48        all     92.61      0.00      6.66      0.18      0.00      0.56
02:30:48        all     92.52      0.00      6.73      0.18      0.00      0.57
02:31:48        all     92.45      0.00      6.78      0.19      0.00      0.58
02:32:48        all     92.65      0.00      6.60      0.19      0.00      0.56
02:33:48        all     92.65      0.00      6.60      0.18      0.00      0.57
02:34:48        all     92.52      0.00      6.71      0.19      0.00      0.59
02:35:48        all     92.50      0.00      6.76      0.19      0.00      0.55
02:36:48        all     92.14      0.00      7.06      0.18      0.00      0.61
02:37:48        all     92.35      0.00      6.84      0.19      0.00      0.63
02:38:48        all     92.62      0.00      6.62      0.18      0.00      0.58
02:39:48        all     92.75      0.00      6.53      0.19      0.00      0.53
02:40:48        all     92.75      0.00      6.52      0.18      0.00      0.55
02:41:48        all     92.17      0.00      6.99      0.21      0.00      0.64
02:42:48        all     92.29      0.00      6.87      0.20      0.00      0.64
02:43:48        all     92.59      0.00      6.60      0.20      0.00      0.61
02:44:48        all     92.41      0.00      6.75      0.20      0.00      0.63
02:45:48        all     92.15      0.00      7.14      0.18      0.00      0.53
02:46:48        all     92.42      0.00      6.85      0.18      0.00      0.55
02:47:48        all     92.71      0.00      6.48      0.24      0.00      0.57
02:48:48        all     90.65      0.00      7.97      0.82      0.00      0.56
02:49:48        all     90.73      0.00      7.78      0.99      0.00      0.50
02:50:48        all     91.10      0.00      7.57      0.82      0.00      0.51
02:51:48        all     91.39      0.00      7.54      0.57      0.00      0.49
02:52:48        all     92.18      0.00      7.04      0.35      0.00      0.43
02:53:48        all     93.04      0.00      6.26      0.26      0.00      0.43
02:54:48        all     93.26      0.00      6.05      0.21      0.00      0.48
02:55:48        all     93.26      0.00      6.07      0.20      0.00      0.48
02:56:48        all     93.33      0.00      6.01      0.18      0.00      0.48
02:57:48        all     93.18      0.00      6.14      0.18      0.00      0.51
02:58:48        all     93.38      0.00      5.96      0.17      0.00      0.49
02:59:48        all     93.43      0.00      5.91      0.17      0.00      0.49
03:00:48        all     93.36      0.00      5.99      0.17      0.00      0.48
03:01:48        all     93.45      0.00      5.92      0.16      0.00      0.47
03:02:48        all     93.48      0.00      5.89      0.16      0.00      0.47
03:03:48        all     93.49      0.00      5.86      0.16      0.00      0.49
03:04:48        all     93.62      0.00      5.74      0.16      0.00      0.49
03:05:48        all     93.46      0.00      5.88      0.16      0.00      0.50
