Linux 6.12.94+deb13-cloud-amd64 (madrona) 	09/08/26 	_x86_64_	(16 CPU)

10:23:21        CPU     %user     %nice   %system   %iowait    %steal     %idle
10:24:21        all     26.53      0.00      4.97      1.66      0.00     66.84
10:25:21        all     51.29      0.00      6.00      2.96      0.00     39.76
10:26:21        all     51.49      0.00      5.88      3.00      0.00     39.63
10:27:21        all     51.56      0.00      5.82      3.02      0.00     39.60
10:28:21        all     51.67      0.00      5.96      3.11      0.00     39.27
10:29:21        all     51.79      0.00      5.80      3.11      0.00     39.30
10:30:21        all     51.86      0.00      5.79      3.13      0.00     39.22
10:31:21        all     51.87      0.00      5.80      3.12      0.00     39.21
10:32:21        all     51.81      0.00      5.99      3.12      0.00     39.08
10:33:21        all     52.02      0.00      5.80      3.17      0.00     39.01
10:34:21        all     51.94      0.00      5.90      3.15      0.00     39.00
10:35:21        all     51.92      0.00      5.88      3.19      0.00     39.00
10:36:21        all     52.01      0.00      5.88      3.19      0.00     38.92
10:37:21        all     51.96      0.00      5.92      3.20      0.00     38.91
10:38:21        all     52.01      0.00      5.87      3.19      0.00     38.93
10:39:21        all     52.11      0.00      5.88      3.18      0.00     38.83
10:40:21        all     52.07      0.00      5.86      3.18      0.00     38.90
10:41:21        all     52.15      0.00      5.79      3.19      0.00     38.86
10:42:21        all     51.83      0.00      5.85      3.37      0.00     38.95
10:43:21        all     51.80      0.00      5.88      3.41      0.00     38.90
10:44:21        all     51.83      0.00      5.91      3.35      0.00     38.91
10:45:21        all     51.93      0.00      5.90      3.33      0.00     38.84
10:46:21        all     51.92      0.00      5.85      3.28      0.00     38.95
10:47:21        all     51.96      0.00      5.82      3.26      0.00     38.96
10:48:21        all     51.98      0.00      5.85      3.26      0.00     38.92
10:49:21        all     51.98      0.00      5.81      3.24      0.00     38.97
10:50:21        all     52.04      0.00      5.76      3.21      0.00     38.99
10:51:21        all     51.96      0.00      5.84      3.21      0.00     38.98
10:52:21        all     51.98      0.00      5.87      3.21      0.00     38.94
10:53:21        all     52.04      0.00      5.81      3.17      0.00     38.97
10:54:21        all     52.05      0.00      5.81      3.17      0.00     38.97
10:55:21        all     52.09      0.00      5.91      3.19      0.00     38.81
10:56:21        all     52.19      0.00      5.73      3.17      0.00     38.91
10:57:21        all     52.05      0.00      5.88      3.17      0.00     38.91
10:58:21        all     52.17      0.00      5.73      3.12      0.00     38.98
10:59:21        all     52.09      0.00      5.98      3.18      0.00     38.75
11:00:21        all     52.15      0.00      5.79      3.15      0.00     38.90
11:01:21        all     52.19      0.00      5.73      3.13      0.00     38.94
11:02:21        all     52.12      0.00      5.78      3.12      0.00     38.99
11:03:21        all     52.14      0.00      5.77      3.14      0.00     38.95
11:04:21        all     52.07      0.00      5.80      3.14      0.00     39.00
11:05:21        all     52.10      0.00      5.80      3.15      0.00     38.95
11:06:21        all     52.10      0.00      5.86      3.12      0.00     38.92
11:07:21        all     52.07      0.00      5.89      3.13      0.00     38.90
11:08:21        all     53.07      0.00      6.18      3.22      0.00     37.52
11:09:21        all     54.49      0.00      5.90      3.11      0.00     36.50
11:10:21        all     52.16      0.00      5.77      3.16      0.00     38.92
11:11:21        all     52.09      0.00      5.86      3.12      0.00     38.93
11:12:21        all     52.00      0.00      5.83      3.45      0.00     38.73
11:13:21        all     51.94      0.00      5.74      3.37      0.00     38.95
11:14:21        all     52.03      0.00      5.74      3.38      0.00     38.85
11:15:21        all     51.93      0.00      5.86      3.32      0.00     38.89
11:16:21        all     51.91      0.00      5.83      3.26      0.00     39.00
11:17:21        all     51.99      0.00      5.85      3.24      0.00     38.92
11:18:21        all     52.03      0.00      5.76      3.23      0.00     38.98
11:19:21        all     52.00      0.00      5.82      3.22      0.00     38.96
11:20:21        all     51.94      0.00      5.83      3.22      0.00     39.02
11:21:21        all     52.02      0.00      5.76      3.17      0.00     39.04
11:22:21        all     51.98      0.00      5.89      3.16      0.00     38.97
11:23:21        all     52.03      0.00      5.78      3.17      0.00     39.02
11:24:21        all     52.01      0.00      5.78      3.16      0.00     39.05
