Linux 6.12.94+deb13-cloud-amd64 (madrona) 	09/09/26 	_x86_64_	(16 CPU)

05:13:21        CPU     %user     %nice   %system   %iowait    %steal     %idle
05:14:21        all     55.95      0.00      9.04      1.57      0.00     33.44
05:15:21        all     92.74      0.00      6.75      0.15      0.00      0.37
05:16:21        all     93.89      0.00      5.70      0.11      0.00      0.30
05:17:21        all     93.97      0.00      5.64      0.11      0.00      0.29
05:18:21        all     94.00      0.00      5.61      0.11      0.00      0.28
05:19:21        all     93.98      0.00      5.62      0.11      0.00      0.29
05:20:21        all     93.93      0.00      5.68      0.11      0.00      0.28
05:21:21        all     94.00      0.00      5.61      0.11      0.00      0.28
05:22:21        all     93.95      0.00      5.68      0.10      0.00      0.27
05:23:21        all     94.08      0.00      5.54      0.10      0.00      0.28
05:24:21        all     94.08      0.00      5.54      0.09      0.00      0.28
05:25:21        all     93.93      0.00      5.67      0.09      0.00      0.30
05:26:21        all     94.12      0.00      5.51      0.09      0.00      0.28
05:27:21        all     94.16      0.00      5.46      0.10      0.00      0.28
05:28:21        all     94.10      0.00      5.53      0.10      0.00      0.27
05:29:21        all     94.13      0.00      5.50      0.09      0.00      0.28
05:30:21        all     94.17      0.00      5.46      0.09      0.00      0.28
05:31:21        all     94.13      0.00      5.48      0.09      0.00      0.29
05:32:21        all     94.17      0.00      5.45      0.09      0.00      0.30
05:33:21        all     94.15      0.00      5.48      0.08      0.00      0.29
05:34:21        all     94.17      0.00      5.47      0.08      0.00      0.28
05:35:21        all     94.17      0.00      5.47      0.08      0.00      0.27
05:36:21        all     94.18      0.00      5.45      0.09      0.00      0.27
05:37:21        all     94.22      0.00      5.41      0.08      0.00      0.28
05:38:21        all     94.17      0.00      5.45      0.08      0.00      0.29
05:39:21        all     93.88      0.00      5.74      0.09      0.00      0.29
05:40:21        all     94.23      0.00      5.40      0.08      0.00      0.28
05:41:21        all     94.32      0.00      5.33      0.08      0.00      0.28
05:42:21        all     94.23      0.00      5.39      0.09      0.00      0.30
05:43:21        all     94.21      0.00      5.40      0.08      0.00      0.31
05:44:21        all     94.16      0.00      5.46      0.08      0.00      0.30
05:45:21        all     94.08      0.00      5.54      0.08      0.00      0.30
05:46:21        all     94.21      0.00      5.40      0.09      0.00      0.30
05:47:21        all     94.25      0.00      5.37      0.08      0.00      0.30
05:48:21        all     94.21      0.00      5.43      0.08      0.00      0.28
05:49:21        all     94.26      0.00      5.37      0.08      0.00      0.29
05:50:21        all     94.20      0.00      5.42      0.08      0.00      0.31
05:51:21        all     94.32      0.00      5.30      0.09      0.00      0.29
05:52:21        all     94.34      0.00      5.30      0.07      0.00      0.29
05:53:21        all     94.32      0.00      5.32      0.08      0.00      0.28
05:54:21        all     94.22      0.00      5.41      0.08      0.00      0.30
05:55:21        all     94.29      0.00      5.35      0.08      0.00      0.29
05:56:21        all     94.29      0.00      5.34      0.08      0.00      0.29
05:57:21        all     94.37      0.00      5.28      0.08      0.00      0.28
05:58:21        all     94.37      0.00      5.26      0.07      0.00      0.29
05:59:21        all     94.27      0.00      5.34      0.08      0.00      0.31
06:00:21        all     94.30      0.00      5.32      0.08      0.00      0.30
06:01:21        all     94.26      0.00      5.37      0.08      0.00      0.29
06:02:21        all     94.24      0.00      5.39      0.08      0.00      0.29
06:03:21        all     94.24      0.00      5.39      0.08      0.00      0.30
06:04:21        all     94.32      0.00      5.31      0.08      0.00      0.29
06:05:21        all     94.32      0.00      5.31      0.08      0.00      0.29
06:06:21        all     94.36      0.00      5.27      0.08      0.00      0.28
06:07:21        all     94.32      0.00      5.31      0.08      0.00      0.30
06:08:21        all     94.29      0.00      5.35      0.08      0.00      0.28
06:09:21        all     94.16      0.00      5.47      0.08      0.00      0.29
06:10:21        all     93.98      0.00      5.62      0.09      0.00      0.31
06:11:21        all     93.76      0.10      5.70      0.10      0.00      0.34
06:12:21        all     93.76      0.00      5.78      0.10      0.00      0.36
06:13:21        all     93.79      0.00      5.72      0.11      0.00      0.37
06:14:21        all     93.77      0.00      5.80      0.09      0.00      0.34
