Linux 6.12.94+deb13-cloud-amd64 (madrona) 	09/10/26 	_x86_64_	(16 CPU)

02:24:10        CPU     %user     %nice   %system   %iowait    %steal     %idle
02:25:10        all     26.35      0.00     16.34     10.85      0.00     46.46
02:26:10        all     56.05      0.00     26.35     14.44      0.00      3.16
02:27:10        all     56.11      0.00     25.59     14.45      0.00      3.85
02:28:10        all     58.28      0.00     24.55     14.02      0.00      3.15
02:29:10        all     58.25      0.00     24.20     14.26      0.00      3.29
02:30:10        all     57.39      0.00     24.96     14.11      0.00      3.53
02:31:10        all     58.28      0.00     24.26     14.17      0.00      3.28
02:32:10        all     57.30      0.00     25.30     14.28      0.00      3.11
02:33:10        all     58.60      0.00     24.42     13.81      0.00      3.17
02:34:10        all     58.56      0.00     24.14     14.10      0.00      3.19
02:35:10        all     57.42      0.00     24.73     14.17      0.00      3.68
02:36:10        all     58.83      0.00     24.31     13.67      0.00      3.19
02:37:10        all     58.74      0.00     24.00     14.05      0.00      3.21
02:38:10        all     57.95      0.00     24.42     14.26      0.00      3.37
02:39:10        all     58.09      0.00     24.45     14.18      0.00      3.28
02:40:10        all     57.77      0.00     24.62     14.26      0.00      3.36
02:41:10        all     57.31      0.00     24.90     14.53      0.00      3.26
02:42:10        all     58.15      0.00     23.99     14.53      0.00      3.33
02:43:10        all     57.03      0.00     25.33     14.52      0.00      3.12
02:44:10        all     58.41      0.00     23.90     14.42      0.00      3.27
02:45:10        all     58.92      0.00     24.22     13.67      0.00      3.19
02:46:10        all     57.21      0.00     24.83     14.62      0.00      3.34
02:47:10        all     58.80      0.00     24.10     13.91      0.00      3.18
02:48:10        all     58.30      0.00     23.91     14.44      0.00      3.35
02:49:10        all     57.51      0.00     24.58     14.39      0.00      3.52
02:50:10        all     58.54      0.00     24.12     14.08      0.00      3.26
02:51:10        all     58.53      0.00     23.75     14.41      0.00      3.31
02:52:10        all     57.31      0.00     24.77     14.43      0.00      3.49
02:53:10        all     58.55      0.00     24.20     14.04      0.00      3.21
02:54:10        all     57.51      0.00     24.86     14.29      0.00      3.34
02:55:10        all     58.08      0.00     24.06     14.55      0.00      3.31
02:56:10        all     58.56      0.00     24.12     14.08      0.00      3.25
02:57:10        all     58.80      0.00     24.23     13.79      0.00      3.19
02:58:10        all     57.40      0.00     24.64     14.67      0.00      3.29
02:59:10        all     58.97      0.00     24.10     13.76      0.00      3.18
03:00:10        all     57.64      0.00     24.73     14.36      0.00      3.27
03:01:10        all     58.98      0.00     24.20     13.69      0.00      3.12
03:02:10        all     57.02      0.00     24.78     14.54      0.00      3.66
03:03:10        all     58.65      0.00     24.19     13.92      0.00      3.23
03:04:10        all     58.72      0.00     23.99     14.10      0.00      3.20
03:05:10        all     58.82      0.00     24.09     13.78      0.00      3.31
03:06:10        all     57.93      0.00     24.55     14.26      0.00      3.25
03:07:10        all     58.67      0.00     24.10     13.97      0.00      3.26
03:08:10        all     59.01      0.00     23.79     13.99      0.00      3.21
03:09:10        all     58.80      0.00     23.93     14.01      0.00      3.26
03:10:10        all     57.99      0.00     24.55     14.27      0.00      3.19
03:11:10        all     59.09      0.00     24.39     13.43      0.00      3.09
03:12:10        all     58.64      0.00     24.05     14.06      0.00      3.25
03:13:10        all     57.42      0.00     24.76     14.61      0.00      3.21
03:14:10        all     59.06      0.00     24.03     13.69      0.00      3.23
03:15:10        all     58.51      0.00     23.79     14.50      0.00      3.20
03:16:10        all     57.02      0.00     24.66     14.53      0.00      3.79
03:17:10        all     58.78      0.00     24.03     13.99      0.00      3.21
03:18:10        all     58.46      0.00     23.95     14.26      0.00      3.32
03:19:10        all     57.16      0.00     24.39     14.61      0.00      3.84
03:20:10        all     58.55      0.00     24.10     14.11      0.00      3.25
03:21:10        all     58.86      0.00     23.94     13.94      0.00      3.26
03:22:10        all     57.17      0.00     24.73     14.80      0.00      3.30
03:23:10        all     58.88      0.00     24.09     13.79      0.00      3.23
03:24:10        all     58.61      0.00     23.77     14.35      0.00      3.26
03:25:10        all     58.79      0.00     23.97     13.94      0.00      3.29
