Linux 6.12.94+deb13-cloud-amd64 (madrona) 	09/11/26 	_x86_64_	(16 CPU)

23:41:37        CPU     %user     %nice   %system   %iowait    %steal     %idle
23:42:37        all     29.13      0.00     22.14     13.33      0.00     35.40
23:43:37        all     32.34      0.00     23.92     41.73      0.00      2.00
23:44:37        all     52.92      0.00     31.62     13.11      0.00      2.35
23:45:37        all     38.91      0.00     24.00     35.00      0.00      2.08
23:46:37        all     54.83      0.00     30.64     12.05      0.00      2.48
23:47:37        all     35.91      0.00     21.82     40.20      0.00      2.08
23:48:37        all     56.37      0.00     31.31      9.59      0.00      2.72
23:49:37        all     42.82      0.00     24.73     30.36      0.00      2.09
23:50:37        all     57.08      0.00     29.88     10.20      0.00      2.85
23:51:37        all     37.95      0.00     21.71     38.08      0.00      2.26
23:52:37        all     56.87      0.00     29.64     10.76      0.00      2.73
23:53:37        all     37.90      0.00     21.83     38.03      0.00      2.24
23:54:37        all     57.52      0.00     29.28     10.52      0.00      2.69
23:55:37        all     37.17      0.00     21.63     38.85      0.00      2.35
23:56:37        all     56.38      0.00     28.34     12.70      0.00      2.59
23:57:37        all     29.64      0.00     18.66     49.13      0.00      2.58
23:58:37        all     56.92      0.00     28.49     12.07      0.00      2.52
23:59:37        all     38.35      0.00     22.36     37.07      0.00      2.23
00:00:37        all     56.64      0.00     29.15     11.67      0.00      2.55
00:01:37        all     39.79      0.00     22.86     35.06      0.00      2.29
00:02:37        all     57.75      0.00     28.72     10.85      0.00      2.67
00:03:37        all     33.15      0.00     20.20     44.17      0.00      2.48
00:04:37        all     55.79      0.00     28.50     13.30      0.00      2.41
00:05:37        all     38.24      0.00     22.49     36.89      0.00      2.38
00:06:37        all     56.22      0.00     28.72     12.68      0.00      2.37
00:07:37        all     35.30      0.00     20.84     41.30      0.00      2.56
00:08:37        all     56.13      0.00     28.83     12.57      0.00      2.47
00:09:37        all     40.23      0.18     23.45     33.71      0.00      2.42
00:10:37        all     56.32      0.00     28.71     12.49      0.00      2.48
00:11:37        all     39.46      0.00     22.67     35.28      0.00      2.59
00:12:37        all     54.62      0.00     27.17     15.68      0.00      2.53
00:13:37        all     41.03      0.00     23.02     33.22      0.00      2.73
00:14:37        all     50.07      0.00     25.32     22.30      0.00      2.31
00:15:37        all     45.12      0.00     24.37     27.64      0.00      2.87
00:16:37        all     48.93      0.00     24.54     23.86      0.00      2.67
00:17:37        all     45.14      0.00     24.78     27.20      0.00      2.88
00:18:37        all     46.18      0.00     23.54     27.72      0.00      2.57
00:19:37        all     45.40      0.00     24.67     27.10      0.00      2.83
00:20:37        all     54.34      0.00     26.89     16.30      0.00      2.48
00:21:37        all     48.29      0.00     25.47     23.48      0.00      2.75
00:22:37        all     47.16      0.00     24.11     26.29      0.00      2.44
00:23:37        all     49.24      0.00     26.04     21.83      0.00      2.89
00:24:37        all     45.84      0.00     24.19     27.51      0.00      2.45
00:25:37        all     52.80      0.00     26.31     18.04      0.00      2.84
00:26:37        all     47.46      0.00     24.56     25.47      0.00      2.51
00:27:37        all     55.23      0.00     27.63     14.27      0.00      2.86
00:28:37        all     39.71      0.00     21.87     36.06      0.00      2.36
00:29:37        all     58.39      0.00     28.68      9.98      0.00      2.94
00:30:37        all     36.75      0.00     21.16     39.70      0.00      2.39
00:31:37        all     58.30      0.00     28.36     10.42      0.00      2.92
00:32:37        all     37.41      0.00     21.85     38.30      0.00      2.44
00:33:37        all     58.43      0.00     28.49     10.31      0.00      2.78
00:34:37        all     41.53      0.00     23.03     32.87      0.00      2.57
00:35:37        all     58.18      0.00     28.28     10.76      0.00      2.79
00:36:37        all     41.76      0.00     23.31     32.19      0.00      2.74
00:37:37        all     55.03      0.00     27.26     15.28      0.00      2.42
00:38:37        all     43.57      0.00     23.82     29.81      0.00      2.80
00:39:37        all     50.18      0.00     25.06     22.23      0.00      2.53
00:40:37        all     46.72      0.00     25.08     25.42      0.00      2.77
00:41:37        all     46.88      0.00     23.96     26.53      0.00      2.63
00:42:37        all     49.20      0.00     25.57     22.32      0.00      2.91
