Linux 6.12.94+deb13-cloud-amd64 (madrona) 	09/08/26 	_x86_64_	(16 CPU)

14:33:42        CPU     %user     %nice   %system   %iowait    %steal     %idle
14:34:42        all     35.49      0.00      6.05      1.84      0.00     56.63
14:35:42        all     75.46      0.00      7.45      2.83      0.00     14.25
14:36:42        all     75.93      0.00      7.16      2.88      0.00     14.03
14:37:42        all     75.90      0.00      7.24      2.89      0.00     13.97
14:38:42        all     76.09      0.00      7.08      2.95      0.00     13.87
14:39:42        all     76.12      0.00      7.15      2.93      0.00     13.80
14:40:42        all     76.24      0.00      7.06      2.96      0.00     13.73
14:41:42        all     76.38      0.00      6.95      2.99      0.00     13.68
14:42:42        all     75.86      0.00      7.13      3.21      0.00     13.80
14:43:42        all     76.00      0.00      7.17      3.16      0.00     13.66
14:44:42        all     76.16      0.00      7.18      3.15      0.00     13.50
14:45:42        all     76.28      0.00      7.06      3.14      0.00     13.51
14:46:42        all     76.38      0.00      7.00      3.13      0.00     13.48
14:47:42        all     76.34      0.00      7.06      3.14      0.00     13.46
14:48:42        all     76.38      0.00      7.09      3.14      0.00     13.39
14:49:42        all     76.49      0.00      6.99      3.12      0.00     13.40
14:50:42        all     76.46      0.00      6.96      3.10      0.00     13.48
14:51:42        all     76.41      0.00      7.07      3.10      0.00     13.42
14:52:42        all     76.43      0.00      7.09      3.11      0.00     13.37
14:53:42        all     76.46      0.00      7.01      3.11      0.00     13.41
14:54:42        all     76.42      0.00      7.05      3.10      0.00     13.43
14:55:42        all     76.45      0.00      7.11      3.09      0.00     13.35
14:56:42        all     76.59      0.00      6.91      3.09      0.00     13.41
14:57:42        all     76.53      0.00      7.03      3.09      0.00     13.35
14:58:42        all     76.54      0.00      6.94      3.09      0.00     13.43
14:59:42        all     76.52      0.00      7.00      3.10      0.00     13.39
15:00:42        all     76.53      0.00      6.96      3.08      0.00     13.43
15:01:42        all     76.58      0.00      6.96      3.10      0.00     13.36
15:02:42        all     76.44      0.00      7.09      3.08      0.00     13.40
15:03:42        all     76.48      0.00      7.03      3.08      0.00     13.41
15:04:42        all     76.50      0.00      7.01      3.09      0.00     13.41
15:05:42        all     76.55      0.00      7.09      3.07      0.00     13.29
15:06:42        all     76.47      0.00      7.04      3.07      0.00     13.42
15:07:42        all     76.53      0.00      6.98      3.08      0.00     13.41
15:08:42        all     76.85      0.00      7.13      3.17      0.00     12.85
15:09:42        all     79.87      0.00      7.13      2.92      0.00     10.08
15:10:42        all     76.54      0.00      6.99      3.07      0.00     13.39
15:11:42        all     76.57      0.00      6.96      3.06      0.00     13.40
15:12:42        all     76.21      0.00      6.93      3.32      0.00     13.54
15:13:42        all     76.28      0.00      6.98      3.24      0.00     13.49
15:14:42        all     76.24      0.00      7.02      3.20      0.00     13.54
15:15:42        all     76.47      0.00      6.92      3.18      0.00     13.43
15:16:42        all     76.39      0.00      6.96      3.12      0.00     13.53
15:17:42        all     76.33      0.00      7.04      3.13      0.00     13.50
15:18:42        all     76.37      0.00      7.01      3.13      0.00     13.48
15:19:42        all     76.35      0.00      7.00      3.12      0.00     13.52
15:20:42        all     76.47      0.00      6.92      3.12      0.00     13.49
15:21:42        all     76.51      0.00      6.90      3.11      0.00     13.48
15:22:42        all     76.47      0.00      6.97      3.11      0.00     13.46
15:23:42        all     76.46      0.00      6.97      3.10      0.00     13.47
15:24:42        all     76.59      0.00      6.91      3.10      0.00     13.41
15:25:42        all     76.55      0.00      6.91      3.09      0.00     13.45
15:26:42        all     76.39      0.00      7.08      3.09      0.00     13.44
15:27:42        all     76.53      0.00      7.02      3.11      0.00     13.34
15:28:42        all     76.50      0.00      6.96      3.11      0.00     13.44
15:29:42        all     76.50      0.00      7.01      3.08      0.00     13.41
15:30:42        all     76.54      0.00      6.96      3.06      0.00     13.44
15:31:42        all     76.50      0.00      7.00      3.09      0.00     13.41
15:32:42        all     76.57      0.00      6.97      3.08      0.00     13.39
15:33:42        all     76.42      0.00      7.09      3.07      0.00     13.41
15:34:42        all     76.46      0.00      7.09      3.08      0.00     13.37
