Linux 6.12.94+deb13-cloud-amd64 (madrona) 	09/09/26 	_x86_64_	(16 CPU)

19:45:41        CPU     %user     %nice   %system   %iowait    %steal     %idle
19:46:41        all      2.52      0.00      2.55     45.48      0.00     49.45
19:47:41        all      3.91      0.00      5.03     82.19      0.00      8.87
19:48:41        all      3.57      0.00      4.56     83.68      0.00      8.20
19:49:41        all      3.32      0.00      4.69     83.01      0.00      8.98
19:50:41        all      3.79      0.00      4.95     82.04      0.00      9.21
19:51:41        all      3.63      0.00      4.72     82.98      0.00      8.67
19:52:41        all      3.31      0.00      4.23     83.29      0.00      9.18
19:53:41        all      3.69      0.00      4.85     82.73      0.00      8.74
19:54:41        all      3.59      0.00      4.81     82.78      0.00      8.82
19:55:41        all      3.72      0.00      4.77     82.42      0.00      9.08
19:56:41        all      3.46      0.00      4.69     82.72      0.00      9.13
19:57:41        all      3.93      0.00      4.62     81.96      0.00      9.49
19:58:41        all      3.99      0.00      4.60     82.62      0.00      8.79
19:59:41        all      3.52      0.00      4.53     82.69      0.00      9.26
20:00:41        all      3.70      0.00      4.47     82.38      0.00      9.46
20:01:41        all      3.24      0.00      4.17     83.88      0.00      8.71
20:02:41        all      3.49      0.00      4.28     83.37      0.00      8.86
20:03:41        all      3.60      0.00      4.36     82.64      0.00      9.41
20:04:41        all      3.65      0.00      4.43     83.26      0.00      8.66
20:05:41        all      3.56      0.00      4.34     83.03      0.00      9.07
20:06:41        all      3.57      0.00      4.19     83.52      0.00      8.73
20:07:41        all      3.82      0.00      4.43     82.19      0.00      9.56
20:08:41        all      3.59      0.00      4.13     83.00      0.00      9.28
20:09:41        all      3.78      0.00      4.27     83.80      0.00      8.16
20:10:41        all      3.45      0.00      4.14     83.85      0.00      8.56
20:11:41        all      3.75      0.00      4.29     83.06      0.00      8.90
20:12:41        all      3.81      0.00      4.33     83.24      0.00      8.63
20:13:41        all      3.73      0.00      4.24     83.55      0.00      8.49
20:14:41        all      3.23      0.00      3.92     83.59      0.00      9.26
20:15:41        all      3.69      0.00      4.09     82.64      0.00      9.57
20:16:41        all      3.90      0.00      4.29     83.20      0.00      8.61
20:17:41        all      4.30      0.00      4.56     82.41      0.00      8.73
20:18:41        all      3.94      0.00      4.38     83.12      0.00      8.56
20:19:41        all      3.93      0.00      4.34     82.75      0.00      8.98
20:20:41        all      3.44      0.00      4.17     83.33      0.00      9.06
20:21:41        all      3.50      0.00      4.15     83.32      0.00      9.03
20:22:41        all      3.52      0.00      4.04     83.58      0.00      8.86
20:23:41        all      3.58      0.00      4.12     83.64      0.00      8.66
20:24:41        all      3.29      0.00      3.92     84.33      0.00      8.45
20:25:41        all      3.62      0.00      4.10     82.94      0.00      9.33
20:26:41        all      3.35      0.00      4.02     83.76      0.00      8.87
20:27:41        all      3.77      0.00      4.28     82.69      0.00      9.26
20:28:41        all      3.47      0.00      4.01     83.58      0.00      8.94
20:29:41        all      3.92      0.00      4.24     82.56      0.00      9.28
20:30:41        all      3.60      0.00      4.11     83.34      0.00      8.96
20:31:41        all      3.60      0.00      4.33     83.18      0.00      8.89
20:32:41        all      3.69      0.00      4.13     83.09      0.00      9.09
20:33:41        all      3.95      0.00      4.46     82.96      0.00      8.64
20:34:41        all      3.62      0.00      4.28     83.17      0.00      8.93
20:35:41        all      3.75      0.00      4.14     83.41      0.00      8.69
20:36:41        all      3.77      0.00      4.24     82.77      0.00      9.23
20:37:41        all      3.80      0.00      4.20     83.75      0.00      8.26
20:38:41        all      3.62      0.00      4.21     83.64      0.00      8.53
20:39:41        all      3.50      0.00      4.09     83.16      0.00      9.25
20:40:41        all      3.92      0.00      4.52     82.43      0.00      9.13
20:41:41        all      3.68      0.00      4.29     82.88      0.00      9.16
20:42:41        all      3.68      0.00      4.32     82.62      0.00      9.37
20:43:41        all      3.86      0.00      4.45     83.36      0.00      8.33
20:44:41        all      3.50      0.00      4.29     83.71      0.00      8.50
20:45:41        all      3.89      0.00      4.20     82.74      0.00      9.16
20:46:41        all      3.61      0.00      4.23     82.47      0.00      9.69
