Linux 6.12.94+deb13-cloud-amd64 (madrona) 	09/13/26 	_x86_64_	(16 CPU)

00:20:03        CPU     %user     %nice   %system   %iowait    %steal     %idle
00:21:03        all     25.53      0.00     17.25     12.49      0.00     44.73
00:22:03        all     58.72      0.00     29.43      9.31      0.00      2.54
00:23:03        all     56.53      0.00     28.01     13.08      0.00      2.37
00:24:03        all     61.18      0.00     26.79      9.33      0.00      2.70
00:25:03        all     57.96      0.00     27.21     12.36      0.00      2.47
00:26:03        all     61.52      0.00     26.32      9.41      0.00      2.74
00:27:03        all     58.73      0.00     27.20     11.57      0.00      2.50
00:28:03        all     61.35      0.00     26.21      9.68      0.00      2.75
00:29:03        all     58.14      0.00     27.46     11.83      0.00      2.56
00:30:03        all     61.51      0.00     26.24      9.58      0.00      2.68
00:31:03        all     58.35      0.00     27.46     11.66      0.00      2.53
00:32:03        all     61.36      0.00     26.13      9.89      0.00      2.62
00:33:03        all     58.74      0.00     27.61     11.12      0.00      2.53
00:34:03        all     57.79      0.00     26.94     12.78      0.00      2.49
00:35:03        all     61.87      0.00     26.17      9.21      0.00      2.76
00:36:03        all     57.84      0.00     26.85     12.47      0.00      2.84
00:37:03        all     61.69      0.00     26.13      9.38      0.00      2.79
00:38:03        all     57.80      0.00     27.39     12.35      0.00      2.46
00:39:03        all     61.40      0.00     26.16      9.75      0.00      2.69
00:40:03        all     58.34      0.00     26.74     12.44      0.00      2.48
00:41:03        all     59.77      0.00     26.23     10.94      0.00      3.06
00:42:03        all     59.73      0.00     26.46     11.18      0.00      2.63
00:43:03        all     58.26      0.00     26.70     12.53      0.00      2.51
00:44:03        all     61.56      0.00     26.28      9.40      0.00      2.76
00:45:03        all     57.80      0.00     26.79     12.95      0.00      2.46
00:46:03        all     61.16      0.00     26.41      9.59      0.00      2.84
00:47:03        all     57.13      0.00     27.42     12.99      0.00      2.46
00:48:03        all     60.08      0.00     25.94     11.34      0.00      2.64
00:49:03        all     58.30      0.00     26.75     12.46      0.00      2.49
00:50:03        all     57.32      0.00     26.62     13.59      0.00      2.47
00:51:03        all     60.39      0.00     26.29     10.76      0.00      2.57
00:52:03        all     56.44      0.00     26.80     14.26      0.00      2.49
00:53:03        all     61.10      0.00     26.30      9.96      0.00      2.64
00:54:03        all     56.58      0.00     26.91     14.02      0.00      2.49
00:55:03        all     60.55      0.00     26.15     10.75      0.00      2.55
00:56:03        all     60.95      0.00     26.26     10.16      0.00      2.63
00:57:03        all     61.30      0.00     26.07      9.93      0.00      2.70
00:58:03        all     59.72      0.00     27.00     10.52      0.00      2.77
00:59:03        all     59.80      0.00     26.53     11.10      0.00      2.56
01:00:03        all     60.64      0.00     26.20     10.59      0.00      2.58
01:01:03        all     58.81      0.00     26.92     11.70      0.00      2.57
01:02:03        all     61.72      0.00     26.29      9.27      0.00      2.72
01:03:03        all     58.51      0.00     26.59     12.37      0.00      2.54
01:04:03        all     61.70      0.00     26.04      9.52      0.00      2.74
01:05:03        all     57.92      0.00     26.59     13.08      0.00      2.41
01:06:03        all     61.48      0.00     26.14      9.66      0.00      2.73
01:07:03        all     58.09      0.00     26.36     13.11      0.00      2.45
01:08:03        all     59.50      0.00     26.80     11.12      0.00      2.57
01:09:03        all     60.35      0.00     26.29     10.79      0.00      2.56
01:10:03        all     58.03      0.00     26.60     12.82      0.00      2.55
01:11:03        all     61.33      0.00     26.36      9.59      0.00      2.72
01:12:03        all     58.02      0.00     26.70     12.85      0.00      2.43
01:13:03        all     61.50      0.00     26.33      9.49      0.00      2.68
01:14:03        all     57.57      0.00     26.74     13.00      0.00      2.68
01:15:03        all     61.70      0.00     26.05      9.55      0.00      2.69
01:16:03        all     57.70      0.00     26.92     12.91      0.00      2.47
01:17:03        all     59.21      0.00     26.67     11.43      0.00      2.69
01:18:03        all     60.46      0.00     26.37     10.46      0.00      2.71
01:19:03        all     57.29      0.00     26.77     13.48      0.00      2.46
01:20:03        all     61.87      0.00     26.00      9.39      0.00      2.74
01:21:03        all     57.91      0.00     26.74     12.88      0.00      2.48
