Linux 6.12.94+deb13-cloud-amd64 (madrona) 	09/12/26 	_x86_64_	(16 CPU)

17:19:38        CPU     %user     %nice   %system   %iowait    %steal     %idle
17:20:38        all     29.85      0.00     19.44     10.12      0.00     40.59
17:21:38        all     55.99      0.00     30.17     11.15      0.00      2.69
17:22:38        all     60.71      0.00     28.31      7.90      0.00      3.07
17:23:38        all     62.51      0.00     27.70      6.47      0.00      3.32
17:24:38        all     61.11      0.00     28.07      7.76      0.00      3.06
17:25:38        all     62.05      0.00     27.54      7.13      0.00      3.27
17:26:38        all     56.64      0.00     26.94     13.56      0.00      2.86
17:27:38        all     63.27      0.00     26.83      6.54      0.00      3.36
17:28:38        all     63.88      0.00     26.86      6.19      0.00      3.06
17:29:38        all     65.47      0.00     26.06      5.15      0.00      3.32
17:30:38        all     55.27      0.00     25.92     16.12      0.00      2.68
17:31:38        all     62.88      0.00     26.89      6.97      0.00      3.25
17:32:38        all     62.23      0.00     27.62      7.04      0.00      3.11
17:33:38        all     62.56      0.00     27.08      7.14      0.00      3.22
17:34:38        all     55.00      0.00     26.06     16.25      0.00      2.69
17:35:38        all     63.36      0.00     26.77      6.66      0.00      3.20
17:36:38        all     63.21      0.00     26.72      6.78      0.00      3.29
17:37:38        all     61.12      0.00     27.95      7.96      0.00      2.97
17:38:38        all     58.67      0.00     26.83     11.73      0.00      2.77
17:39:38        all     63.20      0.00     27.00      6.48      0.00      3.32
17:40:38        all     57.20      0.00     26.73     13.46      0.00      2.60
17:41:38        all     63.02      0.00     26.68      7.01      0.00      3.29
17:42:38        all     61.86      0.00     27.43      7.54      0.00      3.17
17:43:38        all     62.92      0.00     27.01      6.75      0.00      3.32
17:44:38        all     55.75      0.00     26.30     15.31      0.00      2.63
17:45:38        all     63.20      0.00     26.85      6.71      0.00      3.24
17:46:38        all     62.80      0.00     26.68      7.27      0.00      3.24
17:47:38        all     61.64      0.00     28.34      6.83      0.00      3.19
17:48:38        all     58.18      0.00     26.78     12.31      0.00      2.73
17:49:38        all     62.62      0.00     26.65      7.53      0.00      3.20
17:50:38        all     58.19      0.00     27.07     11.95      0.00      2.79
17:51:38        all     62.90      0.00     26.90      6.97      0.00      3.23
17:52:38        all     60.05      0.00     28.04      9.00      0.00      2.92
17:53:38        all     57.96      0.00     26.12     12.93      0.00      2.99
17:54:38        all     60.35      0.00     26.60      9.87      0.00      3.17
17:55:38        all     63.02      0.00     26.82      6.92      0.00      3.23
17:56:38        all     61.68      0.00     27.44      7.81      0.00      3.07
17:57:38        all     63.14      0.00     27.09      6.42      0.00      3.36
17:58:38        all     57.92      0.00     26.96     12.41      0.00      2.71
17:59:38        all     63.19      0.00     26.62      6.88      0.00      3.30
18:00:38        all     60.02      0.00     27.77      9.23      0.00      2.98
18:01:38        all     63.73      0.00     26.78      6.18      0.00      3.31
18:02:38        all     58.06      0.00     26.89     12.33      0.00      2.73
18:03:38        all     62.92      0.00     27.02      6.69      0.00      3.37
18:04:38        all     58.74      0.00     28.01     10.40      0.00      2.85
18:05:38        all     58.30      0.00     26.84     12.05      0.00      2.81
18:06:38        all     61.26      0.00     27.06      8.53      0.00      3.15
18:07:38        all     62.97      0.00     26.86      6.89      0.00      3.28
18:08:38        all     61.34      0.00     27.78      7.83      0.00      3.05
18:09:38        all     61.79      0.00     26.84      8.26      0.00      3.11
18:10:38        all     57.75      0.00     26.34     12.97      0.00      2.94
18:11:38        all     62.92      0.00     26.92      6.89      0.00      3.27
18:12:38        all     61.55      0.00     27.68      7.61      0.00      3.16
18:13:38        all     63.26      0.00     27.01      6.42      0.00      3.31
18:14:38        all     58.14      0.00     26.70     12.45      0.00      2.71
18:15:38        all     63.01      0.00     26.79      6.87      0.00      3.33
18:16:38        all     59.15      0.00     27.49     10.62      0.00      2.74
18:17:38        all     63.07      0.00     26.87      6.78      0.00      3.27
18:18:38        all     57.51      0.00     26.51     13.18      0.00      2.80
18:19:38        all     63.24      0.00     26.62      6.96      0.00      3.18
18:20:38        all     61.19      0.00     27.74      7.99      0.00      3.08
