Linux 6.12.94+deb13-cloud-amd64 (madrona) 	09/10/26 	_x86_64_	(16 CPU)

05:32:23        CPU     %user     %nice   %system   %iowait    %steal     %idle
05:33:23        all     36.55      0.00     22.97      8.02      0.00     32.46
05:34:23        all     60.79      0.00     32.11      3.50      0.00      3.59
05:35:23        all     64.08      0.00     28.64      3.44      0.00      3.84
05:36:23        all     64.86      0.00     27.61      3.61      0.00      3.92
05:37:23        all     63.98      0.00     28.49      3.70      0.00      3.83
05:38:23        all     65.31      0.00     27.20      3.51      0.00      3.98
05:39:23        all     64.01      0.00     28.22      3.91      0.00      3.85
05:40:23        all     65.23      0.00     27.22      3.56      0.00      3.99
05:41:23        all     65.23      0.00     26.93      3.87      0.00      3.97
05:42:23        all     64.02      0.00     28.36      3.71      0.00      3.91
05:43:23        all     65.49      0.00     26.86      3.58      0.00      4.07
05:44:23        all     64.69      0.00     27.74      3.80      0.00      3.76
05:45:23        all     65.65      0.00     26.83      3.52      0.00      4.00
05:46:23        all     64.63      0.00     27.59      3.95      0.00      3.82
05:47:23        all     65.67      0.00     26.73      3.58      0.00      4.03
05:48:23        all     64.13      0.00     28.18      3.88      0.00      3.82
05:49:23        all     65.45      0.00     26.95      3.61      0.00      3.99
05:50:23        all     63.77      0.00     28.42      3.96      0.00      3.85
05:51:23        all     65.55      0.00     26.86      3.59      0.00      4.01
05:52:23        all     64.56      0.00     27.66      3.89      0.00      3.88
05:53:23        all     65.44      0.00     26.87      3.77      0.00      3.91
05:54:23        all     64.36      0.00     27.97      3.80      0.00      3.87
05:55:23        all     65.47      0.00     26.86      3.76      0.00      3.92
05:56:23        all     65.50      0.00     26.81      3.74      0.00      3.96
05:57:23        all     64.45      0.00     27.96      3.73      0.00      3.85
05:58:23        all     65.86      0.00     26.41      3.73      0.00      4.00
05:59:23        all     64.38      0.00     27.84      3.92      0.00      3.86
06:00:23        all     65.86      0.00     26.56      3.58      0.00      4.00
06:01:23        all     64.35      0.00     27.75      4.05      0.00      3.85
06:02:23        all     65.53      0.00     26.91      3.55      0.00      4.01
06:03:23        all     64.37      0.00     27.91      3.91      0.00      3.81
06:04:23        all     65.32      0.00     27.00      3.58      0.00      4.09
06:05:23        all     65.71      0.00     26.60      3.76      0.00      3.92
06:06:23        all     64.59      0.00     27.81      3.72      0.00      3.89
06:07:23        all     65.73      0.00     26.59      3.64      0.00      4.04
06:08:23        all     64.37      0.00     27.94      3.83      0.00      3.86
06:09:23        all     65.60      0.00     26.79      3.55      0.00      4.06
06:10:23        all     65.58      0.00     26.68      3.72      0.00      4.02
06:11:23        all     64.38      0.00     27.90      3.83      0.00      3.89
06:12:23        all     65.97      0.00     26.46      3.54      0.00      4.03
06:13:23        all     64.48      0.00     27.69      4.00      0.00      3.83
06:14:23        all     65.48      0.00     26.92      3.61      0.00      4.00
06:15:23        all     65.14      0.31     27.00      3.68      0.00      3.87
06:16:23        all     65.02      0.00     27.36      3.65      0.00      3.97
06:17:23        all     64.27      0.00     27.99      3.75      0.00      3.99
06:18:23        all     65.40      0.00     26.94      3.67      0.00      3.99
06:19:23        all     64.19      0.00     28.15      3.80      0.00      3.86
06:20:23        all     65.68      0.00     26.69      3.76      0.00      3.87
06:21:23        all     65.82      0.00     26.50      3.61      0.00      4.07
06:22:23        all     63.85      0.00     28.37      3.89      0.00      3.89
06:23:23        all     65.70      0.00     26.68      3.58      0.00      4.03
06:24:23        all     64.27      0.00     28.10      3.79      0.00      3.84
06:25:23        all     65.91      0.00     26.50      3.58      0.00      4.00
06:26:23        all     63.99      0.00     28.26      3.93      0.00      3.82
06:27:23        all     65.84      0.00     26.59      3.59      0.00      3.98
06:28:23        all     64.01      0.00     28.26      3.88      0.00      3.86
06:29:23        all     66.04      0.00     26.46      3.54      0.00      3.96
06:30:23        all     64.11      0.00     28.10      3.97      0.00      3.82
06:31:23        all     65.90      0.00     26.56      3.53      0.00      4.00
06:32:23        all     64.28      0.00     27.96      3.92      0.00      3.83
06:33:23        all     65.61      0.00     26.76      3.60      0.00      4.02
