Linux 6.12.94+deb13-cloud-amd64 (madrona) 	09/10/26 	_x86_64_	(16 CPU)

06:34:55        CPU     %user     %nice   %system   %iowait    %steal     %idle
06:35:55        all     39.81      0.00     25.19      7.33      0.00     27.66
06:36:55        all     60.68      0.00     32.90      2.98      0.00      3.44
06:37:55        all     64.24      0.00     28.89      3.12      0.00      3.76
06:38:55        all     63.58      0.00     29.33      3.44      0.00      3.64
06:39:55        all     65.29      0.00     27.67      3.21      0.00      3.82
06:40:55        all     63.71      0.00     29.11      3.48      0.00      3.69
06:41:55        all     65.56      0.00     27.38      3.19      0.00      3.87
06:42:55        all     65.42      0.00     27.39      3.45      0.00      3.74
06:43:55        all     64.91      0.00     28.01      3.24      0.00      3.83
06:44:55        all     64.52      0.00     28.35      3.41      0.00      3.71
06:45:55        all     65.47      0.00     27.33      3.37      0.00      3.83
06:46:55        all     64.64      0.00     28.18      3.36      0.00      3.82
06:47:55        all     65.73      0.00     27.13      3.41      0.00      3.73
06:48:55        all     64.22      0.00     28.64      3.44      0.00      3.70
06:49:55        all     65.94      0.00     26.92      3.35      0.00      3.79
06:50:55        all     64.58      0.00     28.19      3.42      0.00      3.81
06:51:55        all     65.76      0.00     27.03      3.41      0.00      3.79
06:52:55        all     64.71      0.00     28.11      3.45      0.00      3.74
06:53:55        all     65.98      0.00     26.94      3.34      0.00      3.74
06:54:55        all     64.68      0.00     28.17      3.44      0.00      3.71
06:55:55        all     66.09      0.00     26.82      3.30      0.00      3.79
06:56:55        all     65.12      0.00     27.76      3.41      0.00      3.71
06:57:55        all     65.22      0.00     27.56      3.42      0.00      3.80
06:58:55        all     64.65      0.00     28.34      3.31      0.00      3.70
06:59:55        all     65.52      0.00     27.11      3.57      0.00      3.80
07:00:55        all     64.61      0.00     28.24      3.41      0.00      3.74
07:01:55        all     65.77      0.00     27.07      3.32      0.00      3.84
07:02:55        all     64.79      0.00     28.26      3.32      0.00      3.62
07:03:55        all     65.87      0.00     26.89      3.39      0.00      3.85
07:04:55        all     64.45      0.00     28.51      3.38      0.00      3.66
07:05:55        all     65.85      0.00     26.90      3.39      0.00      3.86
07:06:55        all     64.40      0.00     28.45      3.43      0.00      3.72
07:07:55        all     65.80      0.00     26.97      3.39      0.00      3.83
07:08:55        all     64.37      0.00     28.50      3.47      0.00      3.66
07:09:55        all     66.05      0.00     26.79      3.27      0.00      3.89
07:10:55        all     64.58      0.00     28.22      3.42      0.00      3.77
07:11:55        all     65.80      0.00     27.06      3.37      0.00      3.76
07:12:55        all     64.58      0.00     28.31      3.39      0.00      3.72
07:13:55        all     65.98      0.00     26.79      3.42      0.00      3.80
07:14:55        all     65.78      0.00     26.95      3.38      0.00      3.89
07:15:55        all     64.57      0.00     28.33      3.39      0.00      3.71
07:16:55        all     66.16      0.00     26.65      3.31      0.00      3.87
07:17:55        all     64.22      0.00     28.58      3.56      0.00      3.64
07:18:55        all     65.81      0.00     26.97      3.33      0.00      3.88
07:19:55        all     64.42      0.00     28.40      3.45      0.00      3.73
07:20:55        all     65.93      0.00     26.89      3.32      0.00      3.87
07:21:55        all     64.00      0.00     27.88      3.77      0.00      4.35
07:22:55        all     66.37      0.00     26.68      3.18      0.00      3.78
07:23:55        all     64.88      0.00     27.85      3.57      0.00      3.70
07:24:55        all     66.02      0.00     26.96      3.25      0.00      3.78
07:25:55        all     65.96      0.00     26.85      3.35      0.00      3.84
07:26:55        all     64.96      0.00     27.96      3.43      0.00      3.65
07:27:55        all     66.10      0.00     26.73      3.28      0.00      3.88
07:28:55        all     64.90      0.00     27.92      3.52      0.00      3.67
07:29:55        all     65.97      0.00     26.79      3.30      0.00      3.94
07:30:55        all     64.82      0.00     27.98      3.57      0.00      3.63
07:31:55        all     66.13      0.00     26.80      3.19      0.00      3.87
07:32:55        all     65.96      0.00     26.82      3.37      0.00      3.84
07:33:55        all     64.80      0.00     27.95      3.46      0.00      3.80
07:34:55        all     66.31      0.00     26.61      3.29      0.00      3.79
07:35:55        all     64.43      0.00     28.50      3.50      0.00      3.57
