Linux 6.12.94+deb13-cloud-amd64 (madrona) 	09/12/26 	_x86_64_	(16 CPU)

21:33:08        CPU     %user     %nice   %system   %iowait    %steal     %idle
21:34:08        all     34.25      0.00     17.95      9.95      0.00     37.85
21:35:08        all     59.18      0.00     29.77      8.52      0.00      2.53
21:36:08        all     60.64      0.00     26.96      9.78      0.00      2.62
21:37:08        all     58.55      0.00     27.09     11.91      0.00      2.45
21:38:08        all     60.98      0.00     26.31     10.05      0.00      2.65
21:39:08        all     58.31      0.00     26.80     12.08      0.00      2.81
21:40:08        all     59.90      0.00     26.89     10.73      0.00      2.49
21:41:08        all     59.92      0.00     26.38     11.17      0.00      2.53
21:42:08        all     58.59      0.00     26.79     12.15      0.00      2.47
21:43:08        all     61.44      0.00     26.03      9.86      0.00      2.67
21:44:08        all     57.57      0.00     26.78     13.15      0.00      2.49
21:45:08        all     61.72      0.00     25.98      9.63      0.00      2.67
21:46:08        all     58.07      0.00     26.53     12.93      0.00      2.47
21:47:08        all     61.58      0.00     25.91      9.77      0.00      2.74
21:48:08        all     58.00      0.00     26.69     12.66      0.00      2.65
21:49:08        all     57.55      0.00     26.31     13.67      0.00      2.47
21:50:08        all     61.26      0.00     26.22      9.77      0.00      2.75
21:51:08        all     56.68      0.00     26.70     14.19      0.00      2.43
21:52:08        all     61.51      0.00     26.10      9.62      0.00      2.77
21:53:08        all     57.07      0.00     26.32     14.13      0.00      2.48
21:54:08        all     61.68      0.00     26.05      9.59      0.00      2.68
21:55:08        all     55.89      0.00     26.87     14.78      0.00      2.47
21:56:08        all     61.58      0.00     26.06      9.65      0.00      2.70
21:57:08        all     56.42      0.00     26.84     14.35      0.00      2.39
21:58:08        all     61.56      0.00     26.18      9.49      0.00      2.77
21:59:08        all     56.47      0.00     26.59     14.55      0.00      2.38
22:00:08        all     61.12      0.00     26.30      9.84      0.00      2.73
22:01:08        all     61.01      0.00     26.15     10.22      0.00      2.62
22:02:08        all     61.55      0.00     26.01      9.67      0.00      2.77
22:03:08        all     60.23      0.00     27.06     10.08      0.00      2.63
22:04:08        all     57.43      0.00     26.90     13.14      0.00      2.53
22:05:08        all     61.43      0.00     26.19      9.64      0.00      2.74
22:06:08        all     58.01      0.00     26.51     13.08      0.00      2.40
22:07:08        all     61.82      0.00     25.95      9.49      0.00      2.74
22:08:08        all     57.77      0.00     26.64     13.06      0.00      2.54
22:09:08        all     59.32      0.00     26.70     11.22      0.00      2.77
22:10:08        all     60.10      0.00     26.03     11.33      0.00      2.55
22:11:08        all     58.94      0.00     26.39     12.16      0.00      2.50
22:12:08        all     61.56      0.00     25.99      9.76      0.00      2.68
22:13:08        all     57.88      0.00     26.47     13.20      0.00      2.44
22:14:08        all     61.84      0.00     25.88      9.53      0.00      2.74
22:15:08        all     57.86      0.00     26.47     12.97      0.00      2.70
22:16:08        all     61.74      0.00     26.08      9.30      0.00      2.87
22:17:08        all     57.62      0.00     26.67     13.19      0.00      2.53
22:18:08        all     58.00      0.00     26.53     12.95      0.00      2.52
22:19:08        all     61.07      0.00     26.22      9.95      0.00      2.76
22:20:08        all     57.18      0.00     26.54     13.81      0.00      2.47
22:21:08        all     61.85      0.00     26.17      9.23      0.00      2.74
22:22:08        all     57.81      0.00     26.53     13.15      0.00      2.51
22:23:08        all     61.70      0.00     25.96      9.65      0.00      2.68
22:24:08        all     57.91      0.00     26.25     13.37      0.00      2.47
22:25:08        all     59.74      0.00     26.20     11.47      0.00      2.58
22:26:08        all     59.75      0.00     26.24     11.42      0.00      2.58
22:27:08        all     57.54      0.00     26.48     13.50      0.00      2.48
22:28:08        all     61.30      0.00     26.17      9.77      0.00      2.77
22:29:08        all     57.19      0.00     26.44     13.95      0.00      2.42
22:30:08        all     61.48      0.00     26.06      9.77      0.00      2.69
22:31:08        all     56.84      0.00     26.61     14.14      0.00      2.41
22:32:08        all     61.81      0.00     25.91      9.58      0.00      2.70
22:33:08        all     55.86      0.00     27.13     14.50      0.00      2.50
22:34:08        all     61.56      0.00     26.08      9.56      0.00      2.79
