Linux 6.12.94+deb13-cloud-amd64 (madrona) 	09/09/26 	_x86_64_	(16 CPU)

11:30:25        CPU     %user     %nice   %system   %iowait    %steal     %idle
11:31:25        all     59.58      0.00      9.85      0.99      0.00     29.58
11:32:25        all     93.30      0.00      6.49      0.04      0.00      0.17
11:33:25        all     94.60      0.00      5.21      0.03      0.00      0.16
11:34:25        all     94.84      0.00      4.99      0.03      0.00      0.14
11:35:25        all     94.88      0.00      4.97      0.03      0.00      0.12
11:36:25        all     94.91      0.00      4.93      0.03      0.00      0.13
11:37:25        all     94.90      0.00      4.95      0.02      0.00      0.13
11:38:25        all     94.86      0.00      4.98      0.03      0.00      0.13
11:39:25        all     94.88      0.00      4.97      0.02      0.00      0.13
11:40:25        all     94.89      0.00      4.95      0.03      0.00      0.13
11:41:25        all     94.95      0.00      4.88      0.02      0.00      0.14
11:42:25        all     94.87      0.00      4.94      0.03      0.00      0.15
11:43:25        all     94.78      0.00      5.06      0.03      0.00      0.14
11:44:25        all     94.83      0.00      5.00      0.03      0.00      0.14
11:45:25        all     94.85      0.00      4.99      0.03      0.00      0.13
11:46:25        all     94.91      0.00      4.93      0.03      0.00      0.13
11:47:25        all     94.98      0.00      4.86      0.02      0.00      0.13
11:48:25        all     95.00      0.00      4.84      0.03      0.00      0.13
11:49:25        all     95.01      0.00      4.84      0.02      0.00      0.13
11:50:25        all     94.89      0.00      4.95      0.03      0.00      0.13
11:51:25        all     94.86      0.00      4.98      0.03      0.00      0.13
11:52:25        all     95.03      0.00      4.80      0.03      0.00      0.15
11:53:25        all     94.91      0.00      4.94      0.02      0.00      0.13
11:54:25        all     94.91      0.00      4.92      0.03      0.00      0.14
11:55:25        all     94.92      0.00      4.93      0.03      0.00      0.13
11:56:25        all     95.09      0.00      4.76      0.03      0.00      0.12
11:57:25        all     95.01      0.00      4.84      0.03      0.00      0.12
11:58:25        all     95.03      0.00      4.81      0.03      0.00      0.13
11:59:25        all     95.04      0.00      4.78      0.03      0.00      0.15
12:00:25        all     95.00      0.00      4.83      0.03      0.00      0.14
12:01:25        all     94.94      0.00      4.90      0.03      0.00      0.13
12:02:25        all     94.92      0.00      4.92      0.02      0.00      0.13
12:03:25        all     95.04      0.00      4.81      0.03      0.00      0.12
12:04:25        all     95.03      0.00      4.80      0.03      0.00      0.14
12:05:25        all     95.00      0.00      4.82      0.03      0.00      0.15
12:06:25        all     94.80      0.00      5.01      0.04      0.00      0.16
12:07:25        all     94.99      0.00      4.85      0.03      0.00      0.13
12:08:25        all     94.93      0.00      4.91      0.03      0.00      0.14
12:09:25        all     94.92      0.00      4.92      0.03      0.00      0.13
12:10:25        all     95.00      0.00      4.86      0.02      0.00      0.12
12:11:25        all     95.11      0.00      4.75      0.03      0.00      0.11
12:12:25        all     94.94      0.00      4.90      0.03      0.00      0.13
12:13:25        all     94.96      0.00      4.89      0.03      0.00      0.12
12:14:25        all     94.89      0.00      4.94      0.03      0.00      0.14
12:15:25        all     94.90      0.00      4.93      0.03      0.00      0.14
12:16:25        all     94.98      0.00      4.87      0.02      0.00      0.13
12:17:25        all     94.96      0.00      4.88      0.03      0.00      0.13
12:18:25        all     94.96      0.00      4.87      0.03      0.00      0.14
12:19:25        all     94.93      0.00      4.90      0.03      0.00      0.13
12:20:25        all     94.98      0.00      4.88      0.02      0.00      0.12
12:21:25        all     95.00      0.00      4.86      0.02      0.00      0.12
12:22:25        all     95.00      0.00      4.83      0.03      0.00      0.14
12:23:25        all     94.91      0.00      4.96      0.02      0.00      0.11
12:24:25        all     95.02      0.00      4.84      0.03      0.00      0.12
12:25:25        all     94.96      0.00      4.90      0.02      0.00      0.11
12:26:25        all     94.93      0.00      4.91      0.03      0.00      0.13
12:27:25        all     95.02      0.00      4.82      0.03      0.00      0.13
12:28:25        all     94.96      0.00      4.88      0.03      0.00      0.13
12:29:25        all     95.12      0.00      4.72      0.03      0.00      0.13
12:30:25        all     94.97      0.00      4.88      0.02      0.00      0.13
12:31:25        all     95.03      0.00      4.81      0.03      0.00      0.13
