Linux 6.12.94+deb13-cloud-amd64 (madrona) 	09/08/26 	_x86_64_	(16 CPU)

20:50:32        CPU     %user     %nice   %system   %iowait    %steal     %idle
20:51:32        all     47.34      0.00      7.59      1.74      0.00     43.33
20:52:32        all     91.05      0.00      7.35      0.48      0.00      1.12
20:53:32        all     91.48      0.00      6.91      0.47      0.00      1.13
20:54:32        all     91.56      0.00      6.85      0.47      0.00      1.12
20:55:32        all     91.56      0.00      6.85      0.47      0.00      1.12
20:56:32        all     91.68      0.00      6.77      0.45      0.00      1.10
20:57:32        all     91.66      0.00      6.78      0.45      0.00      1.10
20:58:32        all     91.75      0.00      6.71      0.45      0.00      1.09
20:59:32        all     91.67      0.00      6.76      0.45      0.00      1.11
21:00:32        all     91.70      0.00      6.72      0.46      0.00      1.12
21:01:32        all     91.83      0.00      6.68      0.43      0.00      1.06
21:02:32        all     91.79      0.00      6.68      0.44      0.00      1.10
21:03:32        all     91.73      0.00      6.71      0.45      0.00      1.12
21:04:32        all     91.74      0.00      6.70      0.45      0.00      1.11
21:05:32        all     91.89      0.00      6.57      0.44      0.00      1.10
21:06:32        all     91.90      0.00      6.55      0.45      0.00      1.10
21:07:32        all     91.85      0.00      6.62      0.44      0.00      1.09
21:08:32        all     91.79      0.00      6.67      0.45      0.00      1.10
21:09:32        all     91.83      0.00      6.61      0.44      0.00      1.11
21:10:32        all     91.77      0.00      6.68      0.44      0.00      1.11
21:11:32        all     91.82      0.00      6.66      0.43      0.00      1.10
21:12:32        all     91.55      0.00      6.71      0.48      0.00      1.26
21:13:32        all     91.55      0.00      6.71      0.47      0.00      1.27
21:14:32        all     91.69      0.00      6.67      0.46      0.00      1.18
21:15:32        all     91.59      0.00      6.75      0.47      0.00      1.19
21:16:32        all     91.67      0.00      6.72      0.46      0.00      1.15
21:17:32        all     91.73      0.00      6.67      0.44      0.00      1.16
21:18:32        all     91.82      0.00      6.60      0.45      0.00      1.13
21:19:32        all     91.73      0.00      6.67      0.45      0.00      1.15
21:20:32        all     91.83      0.00      6.60      0.44      0.00      1.13
21:21:32        all     92.02      0.00      6.45      0.44      0.00      1.09
21:22:32        all     91.80      0.00      6.65      0.45      0.00      1.10
21:23:32        all     91.87      0.00      6.54      0.45      0.00      1.15
21:24:32        all     91.87      0.00      6.57      0.44      0.00      1.12
21:25:32        all     91.71      0.00      6.77      0.44      0.00      1.07
21:26:32        all     91.77      0.00      6.69      0.43      0.00      1.11
21:27:32        all     91.69      0.00      6.74      0.44      0.00      1.13
21:28:32        all     91.84      0.00      6.65      0.43      0.00      1.08
21:29:32        all     91.80      0.00      6.62      0.45      0.00      1.12
21:30:32        all     91.88      0.00      6.60      0.43      0.00      1.09
21:31:32        all     91.90      0.00      6.58      0.42      0.00      1.09
21:32:32        all     91.90      0.00      6.58      0.44      0.00      1.09
21:33:32        all     91.94      0.00      6.53      0.44      0.00      1.09
21:34:32        all     92.00      0.00      6.47      0.45      0.00      1.08
21:35:32        all     91.97      0.00      6.46      0.44      0.00      1.13
21:36:32        all     91.93      0.00      6.54      0.43      0.00      1.09
21:37:32        all     91.89      0.00      6.60      0.43      0.00      1.08
21:38:32        all     91.93      0.00      6.57      0.43      0.00      1.07
21:39:32        all     91.93      0.00      6.55      0.43      0.00      1.09
21:40:32        all     91.93      0.00      6.55      0.43      0.00      1.09
21:41:32        all     92.01      0.00      6.47      0.43      0.00      1.09
21:42:32        all     91.61      0.00      6.68      0.47      0.00      1.24
21:43:32        all     91.68      0.00      6.59      0.48      0.00      1.26
21:44:32        all     91.72      0.00      6.61      0.46      0.00      1.21
21:45:32        all     91.69      0.00      6.68      0.45      0.00      1.18
21:46:32        all     91.62      0.00      6.72      0.45      0.00      1.21
21:47:32        all     91.83      0.00      6.60      0.44      0.00      1.12
21:48:32        all     91.80      0.00      6.60      0.45      0.00      1.15
21:49:32        all     91.74      0.00      6.66      0.45      0.00      1.15
21:50:32        all     91.85      0.00      6.54      0.43      0.00      1.18
21:51:32        all     91.78      0.00      6.65      0.43      0.00      1.14
