Linux 6.12.94+deb13-cloud-amd64 (madrona) 	09/09/26 	_x86_64_	(16 CPU)

04:10:30        CPU     %user     %nice   %system   %iowait    %steal     %idle
04:11:30        all     56.16      0.00      8.98      1.31      0.00     33.55
04:12:30        all     92.65      0.00      6.81      0.14      0.00      0.40
04:13:30        all     93.62      0.00      5.87      0.12      0.00      0.39
04:14:30        all     93.67      0.00      5.84      0.12      0.00      0.37
04:15:30        all     93.95      0.00      5.60      0.11      0.00      0.34
04:16:30        all     93.87      0.00      5.65      0.11      0.00      0.37
04:17:30        all     93.92      0.00      5.62      0.11      0.00      0.35
04:18:30        all     93.89      0.00      5.65      0.11      0.00      0.35
04:19:30        all     93.96      0.00      5.61      0.11      0.00      0.32
04:20:30        all     93.93      0.00      5.64      0.10      0.00      0.33
04:21:30        all     93.84      0.00      5.70      0.10      0.00      0.36
04:22:30        all     93.97      0.00      5.59      0.10      0.00      0.34
04:23:30        all     93.98      0.00      5.58      0.10      0.00      0.33
04:24:30        all     94.01      0.00      5.55      0.10      0.00      0.34
04:25:30        all     94.03      0.00      5.54      0.10      0.00      0.33
04:26:30        all     94.00      0.00      5.54      0.11      0.00      0.35
04:27:30        all     94.03      0.00      5.53      0.09      0.00      0.35
04:28:30        all     94.00      0.00      5.53      0.11      0.00      0.36
04:29:30        all     94.06      0.00      5.51      0.11      0.00      0.33
04:30:31        all     94.04      0.00      5.53      0.09      0.00      0.33
04:31:31        all     94.03      0.00      5.54      0.09      0.00      0.34
04:32:31        all     94.02      0.00      5.56      0.09      0.00      0.33
04:33:31        all     93.96      0.00      5.60      0.09      0.00      0.34
04:34:31        all     94.05      0.00      5.52      0.11      0.00      0.32
04:35:31        all     94.06      0.00      5.51      0.09      0.00      0.34
04:36:31        all     94.13      0.00      5.43      0.10      0.00      0.34
04:37:31        all     94.02      0.00      5.53      0.11      0.00      0.34
04:38:31        all     94.10      0.00      5.47      0.10      0.00      0.33
04:39:31        all     94.06      0.00      5.49      0.10      0.00      0.35
04:40:31        all     94.09      0.00      5.47      0.10      0.00      0.34
04:41:31        all     94.15      0.00      5.39      0.10      0.00      0.35
04:42:31        all     93.87      0.00      5.65      0.11      0.00      0.37
04:43:31        all     93.97      0.00      5.56      0.11      0.00      0.37
04:44:31        all     93.93      0.00      5.61      0.10      0.00      0.37
04:45:31        all     93.88      0.00      5.65      0.11      0.00      0.35
04:46:31        all     94.00      0.00      5.54      0.11      0.00      0.35
04:47:31        all     94.00      0.00      5.55      0.10      0.00      0.34
04:48:31        all     93.97      0.00      5.57      0.12      0.00      0.34
04:49:31        all     93.89      0.00      5.65      0.11      0.00      0.35
04:50:31        all     94.13      0.00      5.42      0.10      0.00      0.35
04:51:31        all     94.10      0.00      5.45      0.10      0.00      0.35
04:52:31        all     94.01      0.00      5.52      0.11      0.00      0.36
04:53:31        all     93.96      0.00      5.59      0.11      0.00      0.34
04:54:31        all     94.00      0.00      5.53      0.11      0.00      0.36
04:55:31        all     93.96      0.00      5.58      0.11      0.00      0.35
04:56:31        all     94.00      0.00      5.54      0.11      0.00      0.35
04:57:31        all     94.09      0.00      5.49      0.10      0.00      0.32
04:58:31        all     93.97      0.00      5.59      0.11      0.00      0.33
04:59:31        all     93.97      0.00      5.58      0.11      0.00      0.33
05:00:31        all     93.99      0.00      5.55      0.12      0.00      0.34
05:01:31        all     93.98      0.00      5.56      0.11      0.00      0.34
05:02:31        all     93.89      0.00      5.66      0.11      0.00      0.34
05:03:31        all     94.01      0.00      5.53      0.12      0.00      0.33
05:04:31        all     93.96      0.00      5.60      0.12      0.00      0.33
05:05:31        all     94.03      0.00      5.52      0.13      0.00      0.33
05:06:31        all     94.11      0.00      5.45      0.12      0.00      0.31
05:07:31        all     93.95      0.00      5.60      0.13      0.00      0.32
05:08:31        all     94.03      0.00      5.51      0.13      0.00      0.33
05:09:31        all     93.88      0.00      5.65      0.13      0.00      0.33
05:10:31        all     94.03      0.00      5.53      0.13      0.00      0.31
05:11:31        all     93.94      0.00      5.62      0.13      0.00      0.32
