Linux 6.12.94+deb13-cloud-amd64 (madrona) 	09/09/26 	_x86_64_	(16 CPU)

07:19:04        CPU     %user     %nice   %system   %iowait    %steal     %idle
07:20:04        all     58.43      0.00      9.31      1.28      0.00     30.99
07:21:04        all     93.21      0.00      6.45      0.07      0.00      0.26
07:22:04        all     94.12      0.01      5.57      0.06      0.00      0.23
07:23:04        all     94.35      0.00      5.38      0.06      0.00      0.21
07:24:04        all     94.35      0.00      5.40      0.05      0.00      0.19
07:25:04        all     94.26      0.00      5.48      0.05      0.00      0.21
07:26:04        all     94.37      0.00      5.37      0.05      0.00      0.21
07:27:04        all     94.43      0.00      5.32      0.05      0.00      0.20
07:28:04        all     94.38      0.00      5.37      0.05      0.00      0.19
07:29:04        all     94.31      0.00      5.44      0.05      0.00      0.20
07:30:04        all     94.35      0.00      5.41      0.05      0.00      0.19
07:31:04        all     94.35      0.00      5.37      0.06      0.00      0.21
07:32:04        all     94.52      0.00      5.24      0.04      0.00      0.19
07:33:04        all     94.47      0.00      5.28      0.05      0.00      0.20
07:34:04        all     94.50      0.00      5.25      0.05      0.00      0.20
07:35:04        all     94.45      0.00      5.31      0.05      0.00      0.19
07:36:04        all     94.42      0.00      5.33      0.05      0.00      0.20
07:37:04        all     94.46      0.00      5.29      0.05      0.00      0.20
07:38:04        all     94.39      0.00      5.36      0.05      0.00      0.20
07:39:04        all     94.34      0.00      5.39      0.05      0.00      0.21
07:40:04        all     94.61      0.00      5.13      0.05      0.00      0.21
07:41:04        all     94.56      0.00      5.19      0.05      0.00      0.20
07:42:04        all     94.62      0.00      5.11      0.05      0.00      0.22
07:43:04        all     94.34      0.00      5.38      0.06      0.00      0.22
07:44:04        all     94.59      0.00      5.16      0.04      0.00      0.21
07:45:04        all     94.40      0.00      5.34      0.05      0.00      0.21
07:46:04        all     94.45      0.00      5.27      0.05      0.00      0.22
07:47:04        all     94.48      0.00      5.26      0.06      0.00      0.20
07:48:04        all     94.51      0.00      5.24      0.05      0.00      0.20
07:49:04        all     94.55      0.00      5.17      0.06      0.00      0.22
07:50:04        all     94.45      0.00      5.29      0.05      0.00      0.20
07:51:04        all     94.52      0.00      5.21      0.06      0.00      0.21
07:52:04        all     94.48      0.00      5.26      0.05      0.00      0.21
07:53:04        all     94.55      0.00      5.19      0.05      0.00      0.20
07:54:04        all     94.62      0.00      5.13      0.06      0.00      0.19
07:55:04        all     94.59      0.00      5.17      0.05      0.00      0.19
07:56:04        all     94.49      0.00      5.26      0.05      0.00      0.19
07:57:04        all     94.50      0.00      5.26      0.05      0.00      0.19
07:58:04        all     94.52      0.00      5.22      0.05      0.00      0.20
07:59:04        all     94.56      0.00      5.18      0.06      0.00      0.21
08:00:04        all     94.54      0.00      5.21      0.06      0.00      0.19
08:01:04        all     94.55      0.00      5.22      0.05      0.00      0.19
08:02:04        all     94.54      0.00      5.21      0.05      0.00      0.20
08:03:04        all     94.53      0.00      5.22      0.06      0.00      0.19
08:04:04        all     94.61      0.00      5.14      0.06      0.00      0.19
08:05:04        all     94.60      0.00      5.16      0.05      0.00      0.19
08:06:04        all     94.61      0.00      5.13      0.05      0.00      0.21
08:07:04        all     94.50      0.00      5.25      0.05      0.00      0.20
08:08:04        all     94.56      0.00      5.19      0.05      0.00      0.20
08:09:04        all     94.50      0.00      5.24      0.05      0.00      0.21
08:10:04        all     94.49      0.00      5.23      0.06      0.00      0.21
08:11:04        all     94.58      0.00      5.16      0.05      0.00      0.21
08:12:04        all     94.56      0.00      5.17      0.05      0.00      0.22
08:13:04        all     94.42      0.00      5.32      0.05      0.00      0.21
08:14:04        all     94.50      0.00      5.23      0.05      0.00      0.22
08:15:04        all     94.55      0.00      5.20      0.05      0.00      0.20
08:16:04        all     94.51      0.00      5.23      0.05      0.00      0.21
08:17:04        all     94.56      0.00      5.19      0.05      0.00      0.20
08:18:04        all     94.57      0.00      5.17      0.05      0.00      0.20
08:19:04        all     94.60      0.00      5.15      0.05      0.00      0.20
08:20:04        all     94.51      0.00      5.23      0.05      0.00      0.21
