Linux 6.12.94+deb13-cloud-amd64 (madrona) 	09/13/26 	_x86_64_	(16 CPU)

01:32:16        CPU     %user     %nice   %system   %iowait    %steal     %idle
01:33:16        all     27.52      0.00     17.40     10.82      0.00     44.26
01:34:16        all     55.83      0.00     29.63     12.17      0.00      2.37
01:35:16        all     60.36      0.00     27.34      9.68      0.00      2.62
01:36:16        all     57.57      0.00     27.48     12.52      0.00      2.43
01:37:16        all     61.28      0.00     26.83      9.21      0.00      2.68
01:38:16        all     58.29      0.00     27.16     12.02      0.00      2.52
01:39:16        all     61.51      0.00     26.30      9.53      0.00      2.65
01:40:16        all     58.24      0.00     27.25     11.99      0.00      2.51
01:41:16        all     61.48      0.00     26.29      9.51      0.00      2.72
01:42:16        all     58.27      0.00     27.05     12.14      0.00      2.53
01:43:16        all     60.42      0.00     26.29     10.63      0.00      2.66
01:44:16        all     58.72      0.00     27.47     11.21      0.00      2.60
01:45:16        all     58.11      0.00     26.83     12.67      0.00      2.38
01:46:16        all     61.45      0.00     26.33      9.55      0.00      2.67
01:47:16        all     58.11      0.00     26.75     12.62      0.00      2.52
01:48:16        all     61.38      0.00     26.19      9.69      0.00      2.74
01:49:16        all     57.72      0.00     27.24     12.53      0.00      2.51
01:50:16        all     61.41      0.00     26.11      9.84      0.00      2.64
01:51:16        all     57.90      0.00     26.93     12.72      0.00      2.45
01:52:16        all     57.99      0.00     26.61     12.77      0.00      2.62
01:53:16        all     60.93      0.00     26.21     10.22      0.00      2.64
01:54:16        all     57.85      0.00     26.82     12.80      0.00      2.53
01:55:16        all     61.16      0.00     26.32      9.80      0.00      2.72
01:56:16        all     57.77      0.00     26.94     12.83      0.00      2.46
01:57:16        all     61.79      0.00     26.30      9.09      0.00      2.83
01:58:16        all     57.68      0.00     26.80     13.10      0.00      2.42
01:59:16        all     61.52      0.00     26.07      9.73      0.00      2.68
02:00:16        all     58.13      0.00     26.98     12.47      0.00      2.42
02:01:16        all     61.28      0.00     26.38      9.61      0.00      2.73
02:02:16        all     58.33      0.00     26.74     12.41      0.00      2.52
02:03:16        all     57.12      0.00     27.66     12.68      0.00      2.54
02:04:16        all     61.17      0.00     26.50      9.55      0.00      2.78
02:05:16        all     57.44      0.00     26.41     13.73      0.00      2.42
02:06:16        all     61.83      0.00     26.30      9.04      0.00      2.83
02:07:16        all     57.60      0.00     26.66     13.22      0.00      2.51
02:08:16        all     61.56      0.00     26.25      9.46      0.00      2.73
02:09:16        all     57.98      0.00     26.99     12.48      0.00      2.55
02:10:16        all     60.92      0.00     26.02     10.44      0.00      2.62
02:11:16        all     59.01      0.00     27.10     11.25      0.00      2.64
02:12:16        all     57.92      0.00     26.61     12.96      0.00      2.51
02:13:16        all     61.62      0.00     26.19      9.55      0.00      2.63
02:14:16        all     57.83      0.00     26.79     12.97      0.00      2.41
02:15:16        all     61.59      0.00     26.09      9.55      0.00      2.77
02:16:16        all     57.78      0.00     26.83     12.93      0.00      2.47
02:17:16        all     61.66      0.00     26.16      9.51      0.00      2.67
02:18:16        all     57.68      0.00     26.86     13.01      0.00      2.45
02:19:16        all     58.38      0.00     26.80     12.27      0.00      2.55
02:20:16        all     60.66      0.00     26.28     10.46      0.00      2.60
02:21:16        all     58.00      0.00     26.65     12.90      0.00      2.44
02:22:16        all     61.69      0.00     26.15      9.52      0.00      2.64
02:23:16        all     57.80      0.00     26.74     12.96      0.00      2.50
02:24:16        all     61.55      0.00     26.06      9.72      0.00      2.68
02:25:16        all     57.23      0.00     27.05     13.23      0.00      2.49
02:26:16        all     61.51      0.00     26.28      9.54      0.00      2.67
02:27:16        all     58.14      0.00     26.95     12.20      0.00      2.70
02:28:16        all     59.51      0.00     26.63     11.14      0.00      2.71
02:29:16        all     60.96      0.00     26.04     10.29      0.00      2.72
02:30:16        all     58.20      0.00     26.45     12.85      0.00      2.50
02:31:16        all     61.97      0.00     26.14      8.95      0.00      2.94
02:32:16        all     58.18      0.00     26.71     12.53      0.00      2.59
02:33:16        all     61.70      0.00     26.06      9.35      0.00      2.89
