Linux 6.12.94+deb13-cloud-amd64 (madrona) 	09/12/26 	_x86_64_	(16 CPU)

02:48:43        CPU     %user     %nice   %system   %iowait    %steal     %idle
02:49:43        all     28.90      0.00     21.74     17.68      0.00     31.67
02:50:43        all     49.24      0.00     33.54     14.95      0.00      2.27
02:51:43        all     45.47      0.00     26.91     25.36      0.00      2.26
02:52:43        all     54.54      0.00     29.09     13.52      0.00      2.86
02:53:43        all     43.58      0.00     24.44     29.75      0.00      2.23
02:54:43        all     60.70      0.00     30.04      6.06      0.00      3.20
02:55:43        all     40.79      0.00     23.06     33.98      0.00      2.17
02:56:43        all     60.46      0.00     29.68      6.75      0.00      3.11
02:57:43        all     40.06      0.00     22.18     35.57      0.00      2.18
02:58:43        all     60.52      0.00     29.30      7.14      0.00      3.04
02:59:43        all     43.93      0.00     24.19     29.53      0.00      2.35
03:00:43        all     51.45      0.00     25.74     20.30      0.00      2.51
03:01:43        all     46.59      0.00     25.16     25.71      0.00      2.54
03:02:43        all     50.10      0.01     25.23     22.12      0.00      2.54
03:03:43        all     51.03      0.00     26.66     19.53      0.00      2.78
03:04:43        all     48.79      0.00     25.06     23.76      0.00      2.39
03:05:43        all     56.67      0.00     28.17     12.15      0.00      3.01
03:06:43        all     39.27      0.00     21.56     37.12      0.00      2.05
03:07:43        all     60.99      0.00     29.35      6.49      0.00      3.16
03:08:43        all     40.36      0.00     22.82     34.61      0.00      2.21
03:09:43        all     60.89      0.00     29.09      6.96      0.00      3.07
03:10:43        all     42.88      0.00     23.68     31.08      0.00      2.36
03:11:43        all     60.73      0.00     29.09      6.94      0.00      3.24
03:12:43        all     43.47      0.00     23.15     30.96      0.00      2.43
03:13:43        all     55.24      0.00     27.00     15.14      0.00      2.62
03:14:43        all     47.99      0.00     25.44     24.00      0.00      2.57
03:15:43        all     47.89      0.00     24.88     24.87      0.00      2.36
03:16:43        all     53.87      0.00     27.55     15.72      0.00      2.86
03:17:43        all     43.88      0.00     22.82     30.94      0.00      2.36
03:18:43        all     60.62      0.00     29.78      6.30      0.00      3.29
03:19:43        all     42.07      0.00     23.07     32.71      0.00      2.15
03:20:43        all     61.09      0.00     29.41      6.31      0.00      3.20
03:21:43        all     44.22      0.00     23.83     29.56      0.00      2.39
03:22:43        all     49.63      0.00     25.31     22.73      0.00      2.33
03:23:43        all     37.38      0.00     22.47     37.93      0.00      2.22
03:24:43        all     57.44      0.00     29.43     10.68      0.00      2.44
03:25:43        all     43.80      0.00     25.24     28.73      0.00      2.23
03:26:43        all     59.38      0.00     29.88      8.04      0.00      2.71
03:27:43        all     46.35      0.00     25.52     25.68      0.00      2.45
03:28:43        all     45.83      0.00     24.10     27.94      0.00      2.13
03:29:43        all     49.96      0.00     25.97     21.34      0.00      2.74
03:30:43        all     50.67      0.00     26.40     20.48      0.00      2.46
03:31:43        all     54.51      0.00     27.49     15.21      0.00      2.79
03:32:43        all     38.78      0.00     21.79     37.40      0.00      2.04
03:33:43        all     59.94      0.00     30.04      6.95      0.00      3.07
03:34:43        all     42.03      0.00     23.06     32.80      0.00      2.11
03:35:43        all     60.56      0.00     29.59      6.71      0.00      3.14
03:36:43        all     42.42      0.00     23.33     32.06      0.00      2.19
03:37:43        all     60.60      0.00     29.39      6.93      0.00      3.07
03:38:43        all     43.55      0.00     23.67     30.43      0.00      2.35
03:39:43        all     50.39      0.00     25.38     21.79      0.00      2.44
03:40:43        all     45.38      0.00     24.85     27.29      0.00      2.47
03:41:43        all     59.23      0.00     28.96      9.07      0.00      2.74
03:42:43        all     48.43      0.00     25.81     23.28      0.00      2.49
03:43:43        all     47.05      0.00     24.57     26.14      0.00      2.24
03:44:43        all     52.77      0.00     27.05     17.36      0.00      2.82
03:45:43        all     44.89      0.00     23.63     29.08      0.00      2.40
03:46:43        all     56.98      0.00     28.58     11.52      0.00      2.92
03:47:43        all     40.80      0.00     22.17     34.79      0.00      2.25
03:48:43        all     60.62      0.00     29.40      6.80      0.00      3.18
03:49:43        all     40.39      0.00     22.50     34.92      0.00      2.19
