Linux 6.12.94+deb13-cloud-amd64 (madrona) 	09/09/26 	_x86_64_	(16 CPU)

10:27:33        CPU     %user     %nice   %system   %iowait    %steal     %idle
10:28:33        all     57.27      0.00      9.75      1.41      0.00     31.57
10:29:33        all     92.77      0.00      7.00      0.05      0.00      0.18
10:30:33        all     94.73      0.00      5.10      0.04      0.00      0.14
10:31:33        all     94.88      0.00      4.96      0.03      0.00      0.13
10:32:33        all     94.74      0.00      5.10      0.03      0.00      0.13
10:33:33        all     94.84      0.00      4.98      0.03      0.00      0.14
10:34:33        all     94.92      0.00      4.92      0.03      0.00      0.13
10:35:33        all     94.84      0.00      5.02      0.03      0.00      0.11
10:36:33        all     94.90      0.00      4.92      0.03      0.00      0.14
10:37:33        all     94.86      0.00      4.98      0.03      0.00      0.13
10:38:33        all     94.92      0.00      4.92      0.03      0.00      0.13
10:39:33        all     94.86      0.00      4.97      0.03      0.00      0.14
10:40:33        all     94.78      0.00      5.05      0.03      0.00      0.13
10:41:33        all     94.87      0.00      4.96      0.03      0.00      0.15
10:42:33        all     94.73      0.00      5.07      0.04      0.00      0.17
10:43:33        all     94.75      0.00      5.07      0.03      0.00      0.15
10:44:33        all     94.72      0.00      5.09      0.03      0.00      0.15
10:45:33        all     94.82      0.00      5.01      0.03      0.00      0.14
10:46:33        all     94.75      0.00      5.09      0.03      0.00      0.13
10:47:33        all     94.80      0.00      5.03      0.03      0.00      0.13
10:48:33        all     94.88      0.00      4.95      0.03      0.00      0.13
10:49:33        all     94.78      0.00      5.07      0.03      0.00      0.12
10:50:33        all     94.78      0.00      5.06      0.03      0.00      0.14
10:51:33        all     94.86      0.00      4.97      0.03      0.00      0.14
10:52:33        all     94.77      0.00      5.06      0.03      0.00      0.14
10:53:33        all     94.91      0.00      4.92      0.04      0.00      0.13
10:54:33        all     94.96      0.00      4.89      0.03      0.00      0.13
10:55:33        all     94.85      0.00      4.99      0.03      0.00      0.14
10:56:33        all     94.75      0.00      5.08      0.03      0.00      0.14
10:57:33        all     94.73      0.00      5.10      0.03      0.00      0.13
10:58:33        all     94.88      0.00      4.96      0.04      0.00      0.12
10:59:33        all     94.73      0.00      5.11      0.03      0.00      0.13
11:00:33        all     94.89      0.00      4.94      0.04      0.00      0.14
11:01:33        all     94.80      0.00      5.02      0.03      0.00      0.15
11:02:33        all     94.83      0.00      4.99      0.03      0.00      0.15
11:03:33        all     94.82      0.00      5.02      0.03      0.00      0.13
11:04:33        all     94.80      0.00      5.03      0.03      0.00      0.15
11:05:33        all     94.81      0.00      5.02      0.03      0.00      0.14
11:06:33        all     94.87      0.00      4.95      0.03      0.00      0.15
11:07:33        all     94.86      0.00      4.96      0.03      0.00      0.14
11:08:33        all     94.89      0.00      4.94      0.03      0.00      0.14
11:09:33        all     94.88      0.00      4.93      0.03      0.00      0.16
11:10:33        all     94.55      0.26      5.01      0.04      0.00      0.14
11:11:33        all     94.86      0.00      4.96      0.03      0.00      0.15
11:12:33        all     94.72      0.00      5.09      0.03      0.00      0.16
11:13:33        all     94.80      0.00      5.01      0.03      0.00      0.15
11:14:33        all     94.78      0.00      5.04      0.04      0.00      0.14
11:15:33        all     94.87      0.00      4.95      0.03      0.00      0.15
11:16:33        all     94.72      0.00      5.10      0.03      0.00      0.15
11:17:33        all     94.98      0.00      4.88      0.03      0.00      0.12
11:18:33        all     95.03      0.00      4.84      0.02      0.00      0.10
11:19:33        all     95.08      0.00      4.79      0.02      0.00      0.11
11:20:33        all     94.88      0.00      4.95      0.03      0.00      0.13
11:21:33        all     94.89      0.00      4.94      0.03      0.00      0.14
11:22:33        all     94.79      0.00      5.04      0.03      0.00      0.14
11:23:33        all     94.84      0.00      4.98      0.03      0.00      0.14
11:24:33        all     94.86      0.00      4.97      0.03      0.00      0.14
11:25:33        all     94.84      0.00      4.99      0.03      0.00      0.14
11:26:33        all     94.78      0.00      5.04      0.03      0.00      0.15
11:27:33        all     94.77      0.00      5.06      0.03      0.00      0.14
11:28:33        all     94.74      0.00      5.09      0.03      0.00      0.14
