Linux 6.12.94+deb13-cloud-amd64 (madrona) 	09/08/26 	_x86_64_	(16 CPU)

04:08:51        CPU     %user     %nice   %system   %iowait    %steal     %idle
04:09:51        all     11.71      0.00      3.08      0.78      0.00     84.43
04:10:51        all     15.23      0.00      3.39      1.15      0.00     80.23
04:11:51        all     15.25      0.00      3.35      1.15      0.00     80.25
04:12:51        all     15.35      0.00      3.29      1.21      0.00     80.14
04:13:51        all     15.31      0.00      3.29      1.22      0.00     80.19
04:14:51        all     15.27      0.00      3.37      1.26      0.00     80.11
04:15:51        all     15.27      0.00      3.36      1.29      0.00     80.07
04:16:51        all     15.35      0.00      3.41      1.27      0.00     79.97
04:17:51        all     15.38      0.00      3.36      1.30      0.00     79.97
04:18:51        all     15.31      0.00      3.40      1.31      0.00     79.98
04:19:51        all     15.36      0.00      3.36      1.30      0.00     79.97
04:20:51        all     15.38      0.00      3.35      1.31      0.00     79.96
04:21:51        all     15.43      0.00      3.33      1.29      0.00     79.95
04:22:51        all     15.44      0.00      3.38      1.31      0.00     79.88
04:23:51        all     15.40      0.00      3.36      1.30      0.00     79.95
04:24:51        all     15.42      0.00      3.36      1.32      0.00     79.89
04:25:51        all     15.40      0.00      3.35      1.28      0.00     79.97
04:26:51        all     15.38      0.00      3.34      1.27      0.00     80.01
04:27:51        all     15.36      0.00      3.38      1.28      0.00     79.97
04:28:51        all     15.39      0.00      3.36      1.29      0.00     79.96
04:29:51        all     15.39      0.00      3.37      1.28      0.00     79.96
04:30:51        all     15.34      0.00      3.45      1.27      0.00     79.94
04:31:51        all     15.47      0.00      3.29      1.28      0.00     79.95
04:32:51        all     15.43      0.00      3.33      1.27      0.00     79.98
04:33:51        all     15.41      0.00      3.34      1.27      0.00     79.98
04:34:51        all     15.44      0.00      3.42      1.31      0.00     79.83
04:35:51        all     15.40      0.00      3.40      1.28      0.00     79.92
04:36:51        all     15.41      0.00      3.40      1.27      0.00     79.93
04:37:51        all     15.38      0.00      3.39      1.29      0.00     79.94
04:38:51        all     15.37      0.00      3.38      1.27      0.00     79.98
04:39:51        all     15.38      0.00      3.35      1.21      0.00     80.05
04:40:51        all     15.42      0.00      3.41      1.22      0.00     79.95
04:41:51        all     15.46      0.00      3.35      1.24      0.00     79.96
04:42:51        all     15.27      0.00      3.49      1.33      0.00     79.91
04:43:51        all     15.34      0.00      3.38      1.30      0.00     79.98
04:44:51        all     15.42      0.00      3.38      1.35      0.00     79.85
04:45:51        all     15.42      0.00      3.35      1.32      0.00     79.91
04:46:51        all     15.45      0.00      3.36      1.27      0.00     79.91
04:47:51        all     15.42      0.00      3.40      1.30      0.00     79.87
04:48:51        all     15.35      0.00      3.44      1.30      0.00     79.91
04:49:51        all     15.44      0.00      3.39      1.28      0.00     79.89
04:50:51        all     15.41      0.00      3.39      1.26      0.00     79.94
04:51:51        all     15.43      0.00      3.36      1.25      0.00     79.95
04:52:51        all     15.45      0.00      3.37      1.27      0.00     79.91
04:53:51        all     15.45      0.00      3.39      1.27      0.00     79.89
04:54:51        all     15.44      0.00      3.40      1.27      0.00     79.89
04:55:51        all     15.44      0.00      3.35      1.28      0.00     79.93
04:56:51        all     15.47      0.00      3.36      1.24      0.00     79.93
04:57:51        all     15.47      0.00      3.39      1.29      0.00     79.85
04:58:51        all     15.52      0.00      3.33      1.26      0.00     79.89
04:59:51        all     15.43      0.00      3.39      1.30      0.00     79.88
05:00:51        all     15.40      0.00      3.37      1.25      0.00     79.98
05:01:51        all     15.38      0.00      3.41      1.27      0.00     79.94
05:02:51        all     15.38      0.00      3.41      1.31      0.00     79.90
05:03:51        all     15.43      0.00      3.26      1.32      0.00     79.99
05:04:51        all     15.43      0.00      3.34      1.30      0.00     79.93
05:05:51        all     15.50      0.00      3.29      1.33      0.00     79.88
05:06:51        all     15.41      0.00      3.27      1.37      0.00     79.95
05:07:51        all     15.41      0.00      3.31      1.35      0.00     79.93
05:08:51        all     15.41      0.00      3.35      1.38      0.00     79.85
05:09:51        all     15.38      0.00      3.31      1.31      0.00     80.00
