Linux 6.12.94+deb13-cloud-amd64 (madrona) 	09/08/26 	_x86_64_	(16 CPU)

23:59:06        CPU     %user     %nice   %system   %iowait    %steal     %idle
00:00:06        all     51.79      0.00      8.14      1.50      0.00     38.57
00:01:06        all     92.18      0.00      6.84      0.27      0.00      0.71
00:02:06        all     92.84      0.00      6.24      0.24      0.00      0.68
00:03:06        all     92.86      0.00      6.25      0.24      0.00      0.65
00:04:06        all     92.66      0.00      6.37      0.25      0.00      0.71
00:05:06        all     92.34      0.00      6.60      0.26      0.00      0.80
00:06:06        all     92.50      0.00      6.49      0.27      0.00      0.73
00:07:06        all     91.98      0.00      6.85      0.28      0.00      0.89
00:08:06        all     92.29      0.00      6.70      0.24      0.00      0.77
00:09:06        all     92.66      0.00      6.32      0.25      0.00      0.77
00:10:06        all     92.60      0.00      6.29      0.29      0.00      0.82
00:11:06        all     92.68      0.00      6.23      0.28      0.00      0.80
00:12:06        all     92.19      0.00      6.60      0.30      0.00      0.92
00:13:06        all     92.56      0.00      6.35      0.28      0.00      0.81
00:14:06        all     92.70      0.00      6.27      0.26      0.00      0.77
00:15:06        all     92.74      0.00      6.20      0.27      0.00      0.79
00:16:06        all     92.67      0.00      6.30      0.26      0.00      0.76
00:17:06        all     92.88      0.00      6.18      0.24      0.00      0.69
00:18:06        all     92.74      0.00      6.29      0.25      0.00      0.73
00:19:06        all     92.80      0.00      6.22      0.25      0.00      0.73
00:20:06        all     92.83      0.00      6.19      0.25      0.00      0.73
00:21:06        all     92.71      0.00      6.30      0.25      0.00      0.73
00:22:06        all     92.88      0.00      6.15      0.24      0.00      0.72
00:23:06        all     92.74      0.00      6.24      0.26      0.00      0.76
00:24:06        all     92.89      0.00      6.17      0.23      0.00      0.70
00:25:06        all     92.75      0.00      6.29      0.26      0.00      0.71
00:26:06        all     92.78      0.00      6.23      0.26      0.00      0.73
00:27:06        all     92.84      0.00      6.20      0.24      0.00      0.71
00:28:06        all     92.63      0.00      6.35      0.26      0.00      0.76
00:29:06        all     92.80      0.00      6.21      0.25      0.00      0.73
00:30:06        all     92.88      0.00      6.16      0.25      0.00      0.71
00:31:06        all     92.65      0.00      6.35      0.26      0.00      0.74
00:32:06        all     92.77      0.00      6.25      0.25      0.00      0.73
00:33:06        all     92.84      0.00      6.15      0.26      0.00      0.75
00:34:06        all     92.89      0.00      6.17      0.25      0.00      0.69
00:35:06        all     92.73      0.00      6.32      0.26      0.00      0.69
00:36:06        all     92.81      0.00      6.21      0.26      0.00      0.72
00:37:06        all     92.89      0.00      6.17      0.25      0.00      0.68
00:38:06        all     92.85      0.00      6.21      0.25      0.00      0.69
00:39:06        all     93.01      0.00      6.08      0.25      0.00      0.66
00:40:06        all     93.07      0.00      6.04      0.25      0.00      0.64
00:41:06        all     93.10      0.00      6.00      0.24      0.00      0.66
00:42:06        all     92.92      0.00      6.12      0.25      0.00      0.70
00:43:06        all     92.72      0.00      6.19      0.28      0.00      0.80
00:44:06        all     92.92      0.00      6.09      0.26      0.00      0.73
00:45:06        all     93.00      0.00      6.06      0.25      0.00      0.69
00:46:06        all     93.02      0.00      6.00      0.27      0.00      0.71
00:47:06        all     92.86      0.00      6.15      0.27      0.00      0.72
00:48:06        all     92.90      0.00      6.14      0.25      0.00      0.71
00:49:06        all     92.90      0.00      6.19      0.25      0.00      0.66
00:50:06        all     92.97      0.00      6.10      0.26      0.00      0.68
00:51:06        all     92.99      0.00      6.05      0.26      0.00      0.69
00:52:06        all     93.04      0.00      6.05      0.26      0.00      0.65
00:53:06        all     92.98      0.00      6.08      0.25      0.00      0.68
00:54:06        all     93.01      0.00      6.06      0.26      0.00      0.67
00:55:06        all     93.01      0.00      6.05      0.26      0.00      0.68
00:56:06        all     92.99      0.00      6.11      0.25      0.00      0.65
00:57:06        all     92.95      0.00      6.14      0.26      0.00      0.65
00:58:06        all     92.98      0.00      6.08      0.25      0.00      0.69
00:59:06        all     93.04      0.00      6.02      0.26      0.00      0.68
01:00:06        all     93.00      0.00      6.06      0.27      0.00      0.67
