Linux 6.12.94+deb13-cloud-amd64 (madrona) 	09/08/26 	_x86_64_	(16 CPU)

21:53:23        CPU     %user     %nice   %system   %iowait    %steal     %idle
21:54:23        all     49.26      0.00      7.66      1.60      0.00     41.49
21:55:23        all     92.17      0.00      6.75      0.31      0.00      0.77
21:56:23        all     92.72      0.00      6.26      0.29      0.00      0.72
21:57:23        all     92.81      0.00      6.14      0.29      0.00      0.75
21:58:23        all     92.92      0.00      6.05      0.28      0.00      0.74
21:59:23        all     92.97      0.00      6.04      0.27      0.00      0.72
22:00:23        all     93.00      0.00      6.06      0.27      0.00      0.67
22:01:23        all     93.13      0.00      5.97      0.24      0.00      0.66
22:02:23        all     93.00      0.00      6.00      0.28      0.00      0.73
22:03:23        all     92.92      0.00      6.08      0.27      0.00      0.72
22:04:23        all     92.98      0.00      5.97      0.28      0.00      0.76
22:05:23        all     92.97      0.00      6.03      0.27      0.00      0.74
22:06:23        all     92.97      0.00      6.03      0.29      0.00      0.71
22:07:23        all     92.99      0.00      5.99      0.28      0.00      0.74
22:08:23        all     93.00      0.00      5.99      0.28      0.00      0.74
22:09:23        all     93.03      0.00      5.96      0.28      0.00      0.74
22:10:23        all     92.51      0.00      6.26      0.35      0.00      0.89
22:11:23        all     92.31      0.00      6.36      0.37      0.00      0.96
22:12:23        all     92.07      0.00      6.46      0.39      0.00      1.08
22:13:23        all     92.02      0.00      6.47      0.40      0.00      1.12
22:14:23        all     92.19      0.00      6.40      0.37      0.00      1.04
22:15:23        all     92.11      0.00      6.46      0.37      0.00      1.06
22:16:23        all     92.20      0.00      6.41      0.38      0.00      1.00
22:17:23        all     92.14      0.00      6.45      0.38      0.00      1.03
22:18:23        all     92.11      0.00      6.51      0.38      0.00      1.00
22:19:23        all     92.26      0.00      6.37      0.37      0.00      1.00
22:20:23        all     92.17      0.00      6.48      0.37      0.00      0.98
22:21:23        all     92.25      0.00      6.40      0.36      0.00      0.98
22:22:23        all     92.23      0.00      6.39      0.38      0.00      0.99
22:23:23        all     92.27      0.00      6.40      0.36      0.00      0.97
22:24:23        all     92.28      0.00      6.36      0.37      0.00      0.99
22:25:23        all     92.17      0.00      6.50      0.37      0.00      0.96
22:26:23        all     92.32      0.00      6.34      0.36      0.00      0.97
22:27:23        all     92.19      0.00      6.50      0.37      0.00      0.94
22:28:23        all     92.31      0.00      6.38      0.37      0.00      0.94
22:29:23        all     92.33      0.00      6.35      0.37      0.00      0.95
22:30:23        all     92.27      0.00      6.40      0.38      0.00      0.96
22:31:23        all     92.35      0.00      6.34      0.36      0.00      0.94
22:32:23        all     92.36      0.00      6.29      0.38      0.00      0.97
22:33:23        all     92.31      0.00      6.37      0.36      0.00      0.96
22:34:23        all     92.14      0.00      6.55      0.36      0.00      0.96
22:35:23        all     92.26      0.00      6.43      0.36      0.00      0.95
22:36:23        all     92.32      0.00      6.34      0.38      0.00      0.97
22:37:23        all     92.41      0.00      6.26      0.37      0.00      0.96
22:38:23        all     92.39      0.00      6.32      0.37      0.00      0.92
22:39:23        all     92.24      0.00      6.41      0.37      0.00      0.97
22:40:23        all     92.33      0.00      6.36      0.35      0.00      0.95
22:41:23        all     92.31      0.00      6.36      0.37      0.00      0.96
22:42:23        all     92.10      0.00      6.44      0.38      0.00      1.07
22:43:23        all     92.05      0.00      6.49      0.38      0.00      1.09
22:44:23        all     92.07      0.00      6.49      0.38      0.00      1.06
22:45:23        all     92.33      0.00      6.29      0.38      0.00      1.00
22:46:23        all     92.22      0.00      6.39      0.37      0.00      1.01
22:47:23        all     92.31      0.00      6.32      0.37      0.00      1.00
22:48:23        all     92.28      0.00      6.36      0.38      0.00      0.99
22:49:23        all     92.31      0.00      6.31      0.38      0.00      1.00
22:50:23        all     92.20      0.00      6.44      0.37      0.00      1.00
22:51:23        all     92.21      0.00      6.43      0.37      0.00      0.99
22:52:23        all     92.29      0.00      6.36      0.37      0.00      0.98
22:53:23        all     92.29      0.00      6.34      0.38      0.00      1.00
22:54:23        all     92.16      0.00      6.46      0.38      0.00      0.99
