Linux 6.12.94+deb13-cloud-amd64 (madrona) 	09/09/26 	_x86_64_	(16 CPU)

23:16:38        CPU     %user     %nice   %system   %iowait    %steal     %idle
23:17:38        all     29.95      0.00     20.66     10.57      0.00     38.81
23:18:38        all     61.23      0.00     30.03      5.41      0.00      3.32
23:19:38        all     63.08      0.00     27.33      6.14      0.00      3.44
23:20:38        all     62.39      0.00     27.58      6.60      0.00      3.42
23:21:38        all     63.93      0.00     26.73      5.94      0.00      3.40
23:22:38        all     59.99      0.00     26.62     10.39      0.00      3.00
23:23:38        all     63.49      0.00     26.61      6.55      0.00      3.34
23:24:38        all     62.34      0.00     27.50      6.95      0.00      3.21
23:25:38        all     64.01      0.00     26.59      5.85      0.00      3.56
23:26:38        all     62.23      0.00     27.02      7.61      0.00      3.14
23:27:38        all     63.65      0.00     26.38      6.59      0.00      3.37
23:28:38        all     63.46      0.00     26.81      6.18      0.00      3.54
23:29:38        all     63.67      0.00     26.64      6.28      0.00      3.41
23:30:38        all     60.45      0.00     26.27     10.34      0.00      2.94
23:31:38        all     63.75      0.00     26.33      6.57      0.00      3.35
23:32:38        all     64.47      0.00     26.08      6.03      0.00      3.42
23:33:38        all     62.93      0.00     27.21      6.41      0.00      3.44
23:34:38        all     56.69      0.00     25.32     14.98      0.00      3.00
23:35:38        all     63.70      0.00     26.68      6.20      0.00      3.43
23:36:38        all     64.58      0.00     26.06      5.87      0.00      3.49
23:37:38        all     62.99      0.00     27.13      6.46      0.00      3.42
23:38:38        all     61.63      0.00     26.66      8.62      0.00      3.09
23:39:38        all     64.21      0.00     26.43      5.82      0.00      3.53
23:40:38        all     64.46      0.00     26.17      5.87      0.00      3.51
23:41:38        all     63.04      0.00     27.23      6.43      0.00      3.30
23:42:38        all     61.75      0.00     26.35      8.75      0.00      3.15
23:43:38        all     64.00      0.00     26.49      5.99      0.00      3.51
23:44:38        all     63.92      0.00     26.25      6.36      0.00      3.47
23:45:38        all     63.02      0.00     27.01      6.75      0.00      3.22
23:46:38        all     63.55      0.00     26.26      6.77      0.00      3.41
23:47:38        all     61.32      0.00     26.69      8.95      0.00      3.04
23:48:38        all     64.06      0.00     26.15      6.44      0.00      3.35
23:49:38        all     62.46      0.00     26.60      6.78      0.00      4.16
23:50:38        all     64.37      0.00     26.21      5.98      0.00      3.43
23:51:38        all     61.31      0.00     26.72      8.90      0.00      3.07
23:52:38        all     64.06      0.00     26.12      6.48      0.00      3.34
23:53:38        all     62.88      0.00     27.16      6.63      0.00      3.33
23:54:38        all     64.16      0.00     26.27      6.04      0.00      3.53
23:55:38        all     61.22      0.00     26.54      9.23      0.00      3.02
23:56:38        all     63.95      0.00     26.32      6.27      0.00      3.46
23:57:38        all     63.42      0.00     27.00      6.35      0.00      3.24
23:58:38        all     64.06      0.00     26.30      6.21      0.00      3.43
23:59:38        all     61.05      0.00     26.59      9.25      0.00      3.11
00:00:38        all     64.03      0.00     26.34      6.32      0.00      3.32
00:01:38        all     63.92      0.00     26.60      6.12      0.00      3.35
00:02:38        all     63.89      0.00     26.57      6.08      0.00      3.47
00:03:38        all     60.70      0.00     26.32     10.00      0.00      2.98
00:04:38        all     64.09      0.00     26.26      6.20      0.00      3.45
00:05:38        all     64.38      0.00     26.03      6.22      0.00      3.37
00:06:38        all     63.12      0.00     27.04      6.56      0.00      3.28
00:07:38        all     61.35      0.00     26.30      9.39      0.00      2.96
00:08:38        all     64.06      0.00     26.33      6.18      0.00      3.43
00:09:38        all     63.83      0.00     26.33      6.53      0.00      3.31
00:10:38        all     62.97      0.00     27.22      6.51      0.00      3.29
00:11:38        all     64.53      0.00     26.21      5.81      0.00      3.45
00:12:38        all     61.36      0.00     26.78      8.83      0.00      3.03
00:13:38        all     64.14      0.00     26.29      6.11      0.00      3.46
00:14:38        all     64.60      0.00     26.12      5.79      0.00      3.49
00:15:38        all     62.99      0.00     27.14      6.46      0.00      3.40
00:16:38        all     64.64      0.00     26.02      5.99      0.00      3.35
00:17:38        all     62.76      0.00     27.56      6.11      0.00      3.58
