ctime,datid,datname,numbackends,xact_commit,xact_rollback,blks_read,blks_hit,tup_returned,tup_fetched,tup_inserted,tup_updated,tup_deleted,conflicts,temp_files,temp_bytes,deadlocks,checksum_failures,checksum_last_failure,blk_read_time,blk_write_time,session_time,active_time,idle_in_transaction_time,sessions,sessions_abandoned,sessions_fatal,sessions_killed,parallel_workers_to_launch,parallel_workers_launched,stats_reset
1788923260.466462,0,,0,0,0,103148,134857534,38340726,31413364,15,0,14,0,0,0,0,0,,0,0,0,0,0,0,0,0,0,0,0,
1788923260.466462,5,postgres,0,39078,0,236339,1396940,16464042,419670,0,0,0,0,0,0,0,0,,0,0,230366.095,227158.517,0,859,4,0,0,0,0,
1788923260.466462,16384,markwkm,0,37795,0,223082,1379008,16565529,395441,0,0,0,0,0,0,0,0,,0,0,2456.291,47.366,0,425,0,0,0,0,0,
1788923260.466462,1,template1,0,37116,0,220912,1328735,16426449,374387,0,0,0,0,0,0,0,0,,0,0,2511.996,2455.707,0,13,0,0,0,0,0,
1788923260.466462,4,template0,0,5636,0,31052,197110,2415290,55243,0,0,0,0,0,0,0,0,,0,0,0,0,0,0,0,0,0,0,0,
1788923260.466462,1985237,dbt5,4,155065920,3236664,361108316,332072075358,418265246235,304210117965,692599996,149054305,13489805,0,52,22056239104,0,0,,0,0,2518929685.098,1039718754.186,91085383.276,53929,113,0,0,0,0,
1788923260.466462,1928040,dbt5test,0,117944,13,27033188,1033649758,5421988733,2196692942,1171061198,575,2571,0,114,43941658624,0,0,,0,0,30527647.467,30489493.082,5524.955,555,0,6,0,2,2,
1788923320.559773,0,,0,0,0,103148,134859741,38341296,31413881,15,0,14,0,0,0,0,0,,0,0,0,0,0,0,0,0,0,0,0,
1788923320.559773,5,postgres,0,39080,0,236339,1397013,16464927,419685,0,0,0,0,0,0,0,0,,0,0,230366.095,227158.517,0,859,4,0,0,0,0,
1788923320.559773,16384,markwkm,0,37797,0,223082,1379081,16566414,395456,0,0,0,0,0,0,0,0,,0,0,2456.291,47.366,0,425,0,0,0,0,0,
1788923320.559773,1,template1,0,37118,0,220912,1328808,16427334,374402,0,0,0,0,0,0,0,0,,0,0,2511.996,2455.707,0,13,0,0,0,0,0,
1788923320.559773,4,template0,0,5638,0,31052,197183,2416175,55258,0,0,0,0,0,0,0,0,,0,0,0,0,0,0,0,0,0,0,0,
1788923320.559773,1985237,dbt5,52,155142688,3237966,361312381,332253692530,418487732432,304374497190,692670918,149133609,13506245,0,52,22056239104,0,0,,0,0,2520158234.968,1040288400.918,91127511.44,54016,113,0,0,0,0,
1788923320.559773,1928040,dbt5test,0,117946,13,27033188,1033649834,5421989847,2196692957,1171061198,575,2571,0,114,43941658624,0,0,,0,0,30527647.467,30489493.082,5524.955,555,0,6,0,2,2,
1788923380.657535,0,,0,0,0,103148,134860770,38341580,31414124,15,0,14,0,0,0,0,0,,0,0,0,0,0,0,0,0,0,0,0,
1788923380.657535,5,postgres,0,39082,0,236339,1397086,16465812,419700,0,0,0,0,0,0,0,0,,0,0,230366.095,227158.517,0,859,4,0,0,0,0,
1788923380.657535,16384,markwkm,0,37799,0,223082,1379154,16567299,395471,0,0,0,0,0,0,0,0,,0,0,2456.291,47.366,0,425,0,0,0,0,0,
1788923380.657535,1,template1,0,37120,0,220912,1328881,16428219,374417,0,0,0,0,0,0,0,0,,0,0,2511.996,2455.707,0,13,0,0,0,0,0,
1788923380.657535,4,template0,0,5640,0,31052,197256,2417060,55273,0,0,0,0,0,0,0,0,,0,0,0,0,0,0,0,0,0,0,0,
1788923380.657535,1985237,dbt5,54,155270728,3241065,361644406,332580531171,418870583634,304659699599,692752714,149249386,13515220,0,52,22056239104,0,0,,0,0,2522620459.6,1041635764.299,91276074.785,54053,113,0,0,0,0,
1788923380.657535,1928040,dbt5test,0,117948,13,27033188,1033649910,5421990961,2196692972,1171061198,575,2571,0,114,43941658624,0,0,,0,0,30527647.467,30489493.082,5524.955,555,0,6,0,2,2,
1788923440.820402,0,,0,0,0,103148,134861873,38341890,31414381,15,0,14,0,0,0,0,0,,0,0,0,0,0,0,0,0,0,0,0,
1788923440.820402,5,postgres,0,39084,0,236339,1397159,16466697,419715,0,0,0,0,0,0,0,0,,0,0,230366.095,227158.517,0,859,4,0,0,0,0,
1788923440.820402,16384,markwkm,0,37801,0,223082,1379227,16568184,395486,0,0,0,0,0,0,0,0,,0,0,2456.291,47.366,0,425,0,0,0,0,0,
1788923440.820402,1,template1,0,37122,0,220912,1328954,16429104,374432,0,0,0,0,0,0,0,0,,0,0,2511.996,2455.707,0,13,0,0,0,0,0,
1788923440.820402,4,template0,0,5642,0,31052,197329,2417945,55288,0,0,0,0,0,0,0,0,,0,0,0,0,0,0,0,0,0,0,0,
1788923440.820402,1985237,dbt5,54,155406280,3244548,361995103,332892217205,419278638619,304948312999,692842112,149375044,13525529,0,52,22056239104,0,0,,0,0,2524839720.459,1042991356.033,91436636.124,54094,113,0,0,0,0,
1788923440.820402,1928040,dbt5test,0,117950,13,27033188,1033649986,5421992075,2196692987,1171061198,575,2571,0,114,43941658624,0,0,,0,0,30527647.467,30489493.082,5524.955,555,0,6,0,2,2,
1788923500.946413,0,,0,0,0,103148,134862749,38342142,31414586,15,0,14,0,0,0,0,0,,0,0,0,0,0,0,0,0,0,0,0,
1788923500.946413,5,postgres,0,39086,0,236339,1397232,16467582,419730,0,0,0,0,0,0,0,0,,0,0,230366.095,227158.517,0,859,4,0,0,0,0,
1788923500.946413,16384,markwkm,0,37803,0,223082,1379300,16569069,395501,0,0,0,0,0,0,0,0,,0,0,2456.291,47.366,0,425,0,0,0,0,0,
1788923500.946413,1,template1,0,37124,0,220912,1329027,16429989,374447,0,0,0,0,0,0,0,0,,0,0,2511.996,2455.707,0,13,0,0,0,0,0,
1788923500.946413,4,template0,0,5644,0,31052,197402,2418830,55303,0,0,0,0,0,0,0,0,,0,0,0,0,0,0,0,0,0,0,0,
1788923500.946413,1985237,dbt5,52,155541414,3247944,362338243,333206116127,419667986215,305237070875,692931210,149500133,13535940,0,52,22056239104,0,0,,0,0,2527014922.437,1044346817.148,91596825.899,54125,113,0,0,0,0,
1788923500.946413,1928040,dbt5test,0,117952,13,27033188,1033650062,5421993189,2196693002,1171061198,575,2571,0,114,43941658624,0,0,,0,0,30527647.467,30489493.082,5524.955,555,0,6,0,2,2,
1788923560.080791,0,,0,0,0,103148,134863890,38342490,31414852,15,0,14,0,0,0,0,0,,0,0,0,0,0,0,0,0,0,0,0,
1788923560.080791,5,postgres,0,39088,0,236339,1397305,16468467,419745,0,0,0,0,0,0,0,0,,0,0,230366.095,227158.517,0,859,4,0,0,0,0,
1788923560.080791,16384,markwkm,0,37805,0,223082,1379373,16569954,395516,0,0,0,0,0,0,0,0,,0,0,2456.291,47.366,0,425,0,0,0,0,0,
1788923560.080791,1,template1,0,37126,0,220912,1329100,16430874,374462,0,0,0,0,0,0,0,0,,0,0,2511.996,2455.707,0,13,0,0,0,0,0,
1788923560.080791,4,template0,0,5646,0,31052,197475,2419715,55318,0,0,0,0,0,0,0,0,,0,0,0,0,0,0,0,0,0,0,0,
1788923560.080791,1985237,dbt5,52,155670338,3251517,362671275,333503319700,420036133796,305510187163,693018944,149622610,13546614,0,52,22056239104,0,0,,0,0,2529484963.088,1045702302.51,91755432.058,54167,113,0,0,0,0,
1788923560.080791,1928040,dbt5test,0,117954,13,27033188,1033650138,5421994303,2196693017,1171061198,575,2571,0,114,43941658624,0,0,,0,0,30527647.467,30489493.082,5524.955,555,0,6,0,2,2,
1788923620.175144,0,,0,0,0,103148,134864445,38342650,31414983,15,0,14,0,0,0,0,0,,0,0,0,0,0,0,0,0,0,0,0,
1788923620.175144,5,postgres,0,39090,0,236339,1397378,16469352,419760,0,0,0,0,0,0,0,0,,0,0,230366.095,227158.517,0,859,4,0,0,0,0,
1788923620.175144,16384,markwkm,0,37807,0,223082,1379446,16570839,395531,0,0,0,0,0,0,0,0,,0,0,2456.291,47.366,0,425,0,0,0,0,0,
1788923620.175144,1,template1,0,37128,0,220912,1329173,16431759,374477,0,0,0,0,0,0,0,0,,0,0,2511.996,2455.707,0,13,0,0,0,0,0,
1788923620.175144,4,template0,0,5648,0,31052,197548,2420600,55333,0,0,0,0,0,0,0,0,,0,0,0,0,0,0,0,0,0,0,0,
1788923620.175144,1985237,dbt5,48,155799227,3254959,362998995,333799084385,420402288075,305781833361,693107482,149746432,13557427,0,52,22056239104,0,0,,0,0,2531766533.058,1047074175.692,91919573.28,54191,113,0,0,0,0,
1788923620.175144,1928040,dbt5test,0,117956,13,27033188,1033650214,5421995417,2196693032,1171061198,575,2571,0,114,43941658624,0,0,,0,0,30527647.467,30489493.082,5524.955,555,0,6,0,2,2,
1788923680.350842,0,,0,0,0,103148,134865867,38343038,31415312,15,0,14,0,0,0,0,0,,0,0,0,0,0,0,0,0,0,0,0,
1788923680.350842,5,postgres,0,39092,0,236339,1397451,16470237,419775,0,0,0,0,0,0,0,0,,0,0,230366.095,227158.517,0,859,4,0,0,0,0,
1788923680.350842,16384,markwkm,0,37809,0,223082,1379519,16571724,395546,0,0,0,0,0,0,0,0,,0,0,2456.291,47.366,0,425,0,0,0,0,0,
1788923680.350842,1,template1,0,37130,0,220912,1329246,16432644,374492,0,0,0,0,0,0,0,0,,0,0,2511.996,2455.707,0,13,0,0,0,0,0,
1788923680.350842,4,template0,0,5650,0,31052,197621,2421485,55348,0,0,0,0,0,0,0,0,,0,0,0,0,0,0,0,0,0,0,0,
1788923680.350842,1985237,dbt5,56,155935593,3258496,363342244,334112063508,420790003592,306069472640,693200268,149876578,13568801,0,52,22056239104,0,0,,0,0,2534346642.037,1048442370.062,92082048.232,54240,113,0,0,0,0,
1788923680.350842,1928040,dbt5test,0,117958,13,27033188,1033650290,5421996531,2196693047,1171061198,575,2571,0,114,43941658624,0,0,,0,0,30527647.467,30489493.082,5524.955,555,0,6,0,2,2,
1788923740.490797,0,,0,0,0,103148,134867019,38343318,31415580,15,0,14,0,0,0,0,0,,0,0,0,0,0,0,0,0,0,0,0,
1788923740.490797,5,postgres,0,39094,0,236339,1397524,16471122,419790,0,0,0,0,0,0,0,0,,0,0,230366.095,227158.517,0,859,4,0,0,0,0,
1788923740.490797,16384,markwkm,0,37811,0,223082,1379592,16572609,395561,0,0,0,0,0,0,0,0,,0,0,2456.291,47.366,0,425,0,0,0,0,0,
1788923740.490797,1,template1,0,37132,0,220912,1329319,16433529,374507,0,0,0,0,0,0,0,0,,0,0,2511.996,2455.707,0,13,0,0,0,0,0,
1788923740.490797,4,template0,0,5652,0,31052,197694,2422370,55363,0,0,0,0,0,0,0,0,,0,0,0,0,0,0,0,0,0,0,0,
1788923740.490797,1985237,dbt5,61,156072813,3261952,363692979,334427105824,421179837842,306359188647,693294538,150008118,13580230,0,52,22056239104,0,0,,0,0,2536645188.939,1049813769.588,92243760.577,54284,113,0,0,0,0,
1788923740.490797,1928040,dbt5test,0,117960,13,27033188,1033650366,5421997645,2196693062,1171061198,575,2571,0,114,43941658624,0,0,,0,0,30527647.467,30489493.082,5524.955,555,0,6,0,2,2,
1788923800.600530,0,,0,0,0,103148,134867847,38343560,31415775,15,0,14,0,0,0,0,0,,0,0,0,0,0,0,0,0,0,0,0,
1788923800.600530,5,postgres,0,39096,0,236339,1397597,16472007,419805,0,0,0,0,0,0,0,0,,0,0,230366.095,227158.517,0,859,4,0,0,0,0,
1788923800.600530,16384,markwkm,0,37813,0,223082,1379665,16573494,395576,0,0,0,0,0,0,0,0,,0,0,2456.291,47.366,0,425,0,0,0,0,0,
1788923800.600530,1,template1,0,37134,0,220912,1329392,16434414,374522,0,0,0,0,0,0,0,0,,0,0,2511.996,2455.707,0,13,0,0,0,0,0,
1788923800.600530,4,template0,0,5654,0,31052,197767,2423255,55378,0,0,0,0,0,0,0,0,,0,0,0,0,0,0,0,0,0,0,0,
1788923800.600530,1985237,dbt5,60,156209951,3265595,364033265,334740824254,421567675699,306647358340,693390352,150141429,13592252,0,52,22056239104,0,0,,0,0,2539580919.196,1051188483.045,92407117.558,54313,113,0,0,0,0,
1788923800.600530,1928040,dbt5test,0,117962,13,27033188,1033650442,5421998759,2196693077,1171061198,575,2571,0,114,43941658624,0,0,,0,0,30527647.467,30489493.082,5524.955,555,0,6,0,2,2,
1788923860.751650,0,,0,0,0,103148,134868960,38343902,31416035,15,0,14,0,0,0,0,0,,0,0,0,0,0,0,0,0,0,0,0,
1788923860.751650,5,postgres,0,39098,0,236339,1397670,16472892,419820,0,0,0,0,0,0,0,0,,0,0,230366.095,227158.517,0,859,4,0,0,0,0,
1788923860.751650,16384,markwkm,0,37815,0,223082,1379738,16574379,395591,0,0,0,0,0,0,0,0,,0,0,2456.291,47.366,0,425,0,0,0,0,0,
1788923860.751650,1,template1,0,37136,0,220912,1329465,16435299,374537,0,0,0,0,0,0,0,0,,0,0,2511.996,2455.707,0,13,0,0,0,0,0,
1788923860.751650,4,template0,0,5656,0,31052,197840,2424140,55393,0,0,0,0,0,0,0,0,,0,0,0,0,0,0,0,0,0,0,0,
1788923860.751650,1985237,dbt5,52,156347121,3269227,364373865,335054904646,421955936665,306936049171,693485745,150274857,13604326,0,52,22056239104,0,0,,0,0,2541905821.03,1052562596.125,92571673.356,54353,113,0,0,0,0,
1788923860.751650,1928040,dbt5test,0,117964,13,27033188,1033650518,5421999873,2196693092,1171061198,575,2571,0,114,43941658624,0,0,,0,0,30527647.467,30489493.082,5524.955,555,0,6,0,2,2,
1788923920.845626,0,,0,0,0,103148,134869493,38344039,31416160,15,0,14,0,0,0,0,0,,0,0,0,0,0,0,0,0,0,0,0,
1788923920.845626,5,postgres,0,39100,0,236339,1397743,16473777,419835,0,0,0,0,0,0,0,0,,0,0,230366.095,227158.517,0,859,4,0,0,0,0,
1788923920.845626,16384,markwkm,0,37817,0,223082,1379811,16575264,395606,0,0,0,0,0,0,0,0,,0,0,2456.291,47.366,0,425,0,0,0,0,0,
1788923920.845626,1,template1,0,37138,0,220912,1329538,16436184,374552,0,0,0,0,0,0,0,0,,0,0,2511.996,2455.707,0,13,0,0,0,0,0,
1788923920.845626,4,template0,0,5658,0,31052,197913,2425025,55408,0,0,0,0,0,0,0,0,,0,0,0,0,0,0,0,0,0,0,0,
1788923920.845626,1985237,dbt5,50,156484647,3272932,364720697,335368133864,422343692838,307224224041,693582599,150410510,13616436,0,52,22056239104,0,0,,0,0,2545009248.171,1053935044.227,92736463.384,54370,113,0,0,0,0,
1788923920.845626,1928040,dbt5test,0,117966,13,27033188,1033650594,5422000987,2196693107,1171061198,575,2571,0,114,43941658624,0,0,,0,0,30527647.467,30489493.082,5524.955,555,0,6,0,2,2,
1788923981.006996,0,,0,0,0,103148,134870374,38344292,31416366,15,0,14,0,0,0,0,0,,0,0,0,0,0,0,0,0,0,0,0,
1788923981.006996,5,postgres,0,39102,0,236339,1397816,16474662,419850,0,0,0,0,0,0,0,0,,0,0,230366.095,227158.517,0,859,4,0,0,0,0,
1788923981.006996,16384,markwkm,0,37819,0,223082,1379884,16576149,395621,0,0,0,0,0,0,0,0,,0,0,2456.291,47.366,0,425,0,0,0,0,0,
1788923981.006996,1,template1,0,37140,0,220912,1329611,16437069,374567,0,0,0,0,0,0,0,0,,0,0,2511.996,2455.707,0,13,0,0,0,0,0,
1788923981.006996,4,template0,0,5660,0,31052,197986,2425910,55423,0,0,0,0,0,0,0,0,,0,0,0,0,0,0,0,0,0,0,0,
1788923981.006996,1985237,dbt5,45,156623931,3276513,365063593,335684418144,422734996529,307514962046,693680360,150547459,13629180,0,52,22056239104,0,0,,0,0,2547306457.297,1055314993.748,92902055.739,54401,113,0,0,0,0,
1788923981.006996,1928040,dbt5test,0,117968,13,27033188,1033650670,5422002101,2196693122,1171061198,575,2571,0,114,43941658624,0,0,,0,0,30527647.467,30489493.082,5524.955,555,0,6,0,2,2,
1788924040.143680,0,,0,0,0,103148,134871538,38344611,31416638,15,0,14,0,0,0,0,0,,0,0,0,0,0,0,0,0,0,0,0,
1788924040.143680,5,postgres,0,39104,0,236339,1397889,16475547,419865,0,0,0,0,0,0,0,0,,0,0,230366.095,227158.517,0,859,4,0,0,0,0,
1788924040.143680,16384,markwkm,0,37821,0,223082,1379957,16577034,395636,0,0,0,0,0,0,0,0,,0,0,2456.291,47.366,0,425,0,0,0,0,0,
1788924040.143680,1,template1,0,37142,0,220912,1329684,16437954,374582,0,0,0,0,0,0,0,0,,0,0,2511.996,2455.707,0,13,0,0,0,0,0,
1788924040.143680,4,template0,0,5662,0,31052,198059,2426795,55438,0,0,0,0,0,0,0,0,,0,0,0,0,0,0,0,0,0,0,0,
1788924040.143680,1985237,dbt5,49,156759885,3280096,365399165,335995258315,423119206989,307800835969,693776288,150680817,13641339,0,52,22056239104,0,0,,0,0,2549665412.055,1056667318.562,93064902.091,54446,113,0,0,0,0,
1788924040.143680,1928040,dbt5test,0,117970,13,27033188,1033650746,5422003215,2196693137,1171061198,575,2571,0,114,43941658624,0,0,,0,0,30527647.467,30489493.082,5524.955,555,0,6,0,2,2,
1788924100.291146,0,,0,0,0,103148,134872998,38345016,31416978,15,0,14,0,0,0,0,0,,0,0,0,0,0,0,0,0,0,0,0,
1788924100.291146,5,postgres,0,39106,0,236339,1397962,16476432,419880,0,0,0,0,0,0,0,0,,0,0,230366.095,227158.517,0,859,4,0,0,0,0,
1788924100.291146,16384,markwkm,0,37823,0,223082,1380030,16577919,395651,0,0,0,0,0,0,0,0,,0,0,2456.291,47.366,0,425,0,0,0,0,0,
1788924100.291146,1,template1,0,37144,0,220912,1329757,16438839,374597,0,0,0,0,0,0,0,0,,0,0,2511.996,2455.707,0,13,0,0,0,0,0,
1788924100.291146,4,template0,0,5664,0,31052,198132,2427680,55453,0,0,0,0,0,0,0,0,,0,0,0,0,0,0,0,0,0,0,0,
1788924100.291146,1985237,dbt5,55,156898519,3283576,365749506,336308927721,423507892407,308089130989,693873554,150816928,13653884,0,52,22056239104,0,0,,0,0,2552267127.066,1058044505.579,93229666.434,54501,113,0,0,0,0,
1788924100.291146,1928040,dbt5test,0,117972,13,27033188,1033650822,5422004329,2196693152,1171061198,575,2571,0,114,43941658624,0,0,,0,0,30527647.467,30489493.082,5524.955,555,0,6,0,2,2,
1788924160.377099,0,,0,0,0,103148,134873232,38345101,31417034,15,0,14,0,0,0,0,0,,0,0,0,0,0,0,0,0,0,0,0,
1788924160.377099,5,postgres,0,39108,0,236339,1398035,16477317,419895,0,0,0,0,0,0,0,0,,0,0,230366.095,227158.517,0,859,4,0,0,0,0,
1788924160.377099,16384,markwkm,0,37825,0,223082,1380103,16578804,395666,0,0,0,0,0,0,0,0,,0,0,2456.291,47.366,0,425,0,0,0,0,0,
1788924160.377099,1,template1,0,37146,0,220912,1329830,16439724,374612,0,0,0,0,0,0,0,0,,0,0,2511.996,2455.707,0,13,0,0,0,0,0,
1788924160.377099,4,template0,0,5666,0,31052,198205,2428565,55468,0,0,0,0,0,0,0,0,,0,0,0,0,0,0,0,0,0,0,0,
1788924160.377099,1985237,dbt5,44,157037107,3286982,366091738,336621300421,423894942729,308376199544,693971077,150952992,13666489,0,52,22056239104,0,0,,0,0,2554685859.304,1059418523.815,93395144.474,54505,113,0,0,0,0,
1788924160.377099,1928040,dbt5test,0,117974,13,27033188,1033650898,5422005443,2196693167,1171061198,575,2571,0,114,43941658624,0,0,,0,0,30527647.467,30489493.082,5524.955,555,0,6,0,2,2,
1788924220.558039,0,,0,0,0,103148,134874942,38345579,31417430,15,0,14,0,0,0,0,0,,0,0,0,0,0,0,0,0,0,0,0,
1788924220.558039,5,postgres,0,39110,0,236339,1398108,16478202,419910,0,0,0,0,0,0,0,0,,0,0,230366.095,227158.517,0,859,4,0,0,0,0,
1788924220.558039,16384,markwkm,0,37827,0,223082,1380176,16579689,395681,0,0,0,0,0,0,0,0,,0,0,2456.291,47.366,0,425,0,0,0,0,0,
1788924220.558039,1,template1,0,37148,0,220912,1329903,16440609,374627,0,0,0,0,0,0,0,0,,0,0,2511.996,2455.707,0,13,0,0,0,0,0,
1788924220.558039,4,template0,0,5668,0,31052,198278,2429450,55483,0,0,0,0,0,0,0,0,,0,0,0,0,0,0,0,0,0,0,0,
1788924220.558039,1985237,dbt5,55,157175569,3290385,366436753,336934664013,424283128247,308664270786,694068718,151088588,13679007,0,52,22056239104,0,0,,0,0,2557020509.819,1060794444.139,93558883.556,54572,113,0,0,0,0,
1788924220.558039,1928040,dbt5test,0,117976,13,27033188,1033650974,5422006557,2196693182,1171061198,575,2571,0,114,43941658624,0,0,,0,0,30527647.467,30489493.082,5524.955,555,0,6,0,2,2,
1788924280.716574,0,,0,0,0,103148,134875983,38345863,31417673,15,0,14,0,0,0,0,0,,0,0,0,0,0,0,0,0,0,0,0,
1788924280.716574,5,postgres,0,39112,0,236339,1398181,16479087,419925,0,0,0,0,0,0,0,0,,0,0,230366.095,227158.517,0,859,4,0,0,0,0,
1788924280.716574,16384,markwkm,0,37829,0,223082,1380249,16580574,395696,0,0,0,0,0,0,0,0,,0,0,2456.291,47.366,0,425,0,0,0,0,0,
1788924280.716574,1,template1,0,37150,0,220912,1329976,16441494,374642,0,0,0,0,0,0,0,0,,0,0,2511.996,2455.707,0,13,0,0,0,0,0,
1788924280.716574,4,template0,0,5670,0,31052,198351,2430335,55498,0,0,0,0,0,0,0,0,,0,0,0,0,0,0,0,0,0,0,0,
1788924280.716574,1985237,dbt5,52,157314334,3293886,366782482,337250306388,424673233180,308954466617,694166801,151224899,13691498,0,52,22056239104,0,0,,0,0,2559582859.604,1062170052.018,93723652.824,54610,113,0,0,0,0,
1788924280.716574,1928040,dbt5test,0,117978,13,27033188,1033651050,5422007671,2196693197,1171061198,575,2571,0,114,43941658624,0,0,,0,0,30527647.467,30489493.082,5524.955,555,0,6,0,2,2,
1788924340.806538,0,,0,0,0,103148,134876963,38346152,31417903,15,0,14,0,0,0,0,0,,0,0,0,0,0,0,0,0,0,0,0,
1788924340.806538,5,postgres,0,39114,0,236339,1398254,16479972,419940,0,0,0,0,0,0,0,0,,0,0,230366.095,227158.517,0,859,4,0,0,0,0,
1788924340.806538,16384,markwkm,0,37831,0,223082,1380322,16581459,395711,0,0,0,0,0,0,0,0,,0,0,2456.291,47.366,0,425,0,0,0,0,0,
1788924340.806538,1,template1,0,37152,0,220912,1330049,16442379,374657,0,0,0,0,0,0,0,0,,0,0,2511.996,2455.707,0,13,0,0,0,0,0,
1788924340.806538,4,template0,0,5672,0,31052,198424,2431220,55513,0,0,0,0,0,0,0,0,,0,0,0,0,0,0,0,0,0,0,0,
1788924340.806538,1985237,dbt5,47,157453899,3297419,367131852,337564164211,425061997472,309242532096,694265298,151362484,13704248,0,52,22056239104,0,0,,0,0,2562198851.723,1063546552.944,93889069.708,54645,113,0,0,0,0,
1788924340.806538,1928040,dbt5test,0,117980,13,27033188,1033651126,5422008785,2196693212,1171061198,575,2571,0,114,43941658624,0,0,,0,0,30527647.467,30489493.082,5524.955,555,0,6,0,2,2,
1788924400.896968,0,,0,0,0,103148,134877154,38346204,31417949,15,0,14,0,0,0,0,0,,0,0,0,0,0,0,0,0,0,0,0,
1788924400.896968,5,postgres,0,39116,0,236339,1398327,16480857,419955,0,0,0,0,0,0,0,0,,0,0,230366.095,227158.517,0,859,4,0,0,0,0,
1788924400.896968,16384,markwkm,0,37833,0,223082,1380395,16582344,395726,0,0,0,0,0,0,0,0,,0,0,2456.291,47.366,0,425,0,0,0,0,0,
1788924400.896968,1,template1,0,37154,0,220912,1330122,16443264,374672,0,0,0,0,0,0,0,0,,0,0,2511.996,2455.707,0,13,0,0,0,0,0,
1788924400.896968,4,template0,0,5674,0,31052,198497,2432105,55528,0,0,0,0,0,0,0,0,,0,0,0,0,0,0,0,0,0,0,0,
1788924400.896968,1985237,dbt5,43,157592469,3301134,367479845,337878107621,425450140327,309531080933,694364609,151500574,13717458,0,52,22056239104,0,0,,0,0,2564495182.995,1064921065.892,94056234.947,54648,113,0,0,0,0,
1788924400.896968,1928040,dbt5test,0,117982,13,27033188,1033651202,5422009899,2196693227,1171061198,575,2571,0,114,43941658624,0,0,,0,0,30527647.467,30489493.082,5524.955,555,0,6,0,2,2,
1788924461.065760,0,,0,0,0,103148,134878711,38346611,31418309,15,0,14,0,0,0,0,0,,0,0,0,0,0,0,0,0,0,0,0,
1788924461.065760,5,postgres,0,39118,0,236339,1398400,16481742,419970,0,0,0,0,0,0,0,0,,0,0,230366.095,227158.517,0,859,4,0,0,0,0,
1788924461.065760,16384,markwkm,0,37835,0,223082,1380468,16583229,395741,0,0,0,0,0,0,0,0,,0,0,2456.291,47.366,0,425,0,0,0,0,0,
1788924461.065760,1,template1,0,37156,0,220912,1330195,16444149,374687,0,0,0,0,0,0,0,0,,0,0,2511.996,2455.707,0,13,0,0,0,0,0,
1788924461.065760,4,template0,0,5676,0,31052,198570,2432990,55543,0,0,0,0,0,0,0,0,,0,0,0,0,0,0,0,0,0,0,0,
1788924461.065760,1985237,dbt5,56,157732007,3304749,367826082,338192637813,425839660053,309820318657,694463278,151638329,13730161,0,52,22056239104,0,0,,0,0,2566844148.466,1066295503.496,94223535.929,54709,113,0,0,0,0,
1788924461.065760,1928040,dbt5test,0,117984,13,27033188,1033651278,5422011013,2196693242,1171061198,575,2571,0,114,43941658624,0,0,,0,0,30527647.467,30489493.082,5524.955,555,0,6,0,2,2,
1788924521.180974,0,,0,0,0,103148,134879531,38346857,31418502,15,0,14,0,0,0,0,0,,0,0,0,0,0,0,0,0,0,0,0,
1788924521.180974,5,postgres,0,39120,0,236339,1398473,16482627,419985,0,0,0,0,0,0,0,0,,0,0,230366.095,227158.517,0,859,4,0,0,0,0,
1788924521.180974,16384,markwkm,0,37837,0,223082,1380541,16584114,395756,0,0,0,0,0,0,0,0,,0,0,2456.291,47.366,0,425,0,0,0,0,0,
1788924521.180974,1,template1,0,37158,0,220912,1330268,16445034,374702,0,0,0,0,0,0,0,0,,0,0,2511.996,2455.707,0,13,0,0,0,0,0,
1788924521.180974,4,template0,0,5678,0,31052,198643,2433875,55558,0,0,0,0,0,0,0,0,,0,0,0,0,0,0,0,0,0,0,0,
1788924521.180974,1985237,dbt5,53,157872017,3308158,368176448,338508611583,426230769126,310110653944,694562099,151776324,13742941,0,52,22056239104,0,0,,0,0,2569159981,1067672692.547,94389468.051,54738,113,0,0,0,0,
1788924521.180974,1928040,dbt5test,0,117986,13,27033188,1033651354,5422012127,2196693257,1171061198,575,2571,0,114,43941658624,0,0,,0,0,30527647.467,30489493.082,5524.955,555,0,6,0,2,2,
1788924581.346202,0,,0,0,0,103148,134880917,38347261,31418824,15,0,14,0,0,0,0,0,,0,0,0,0,0,0,0,0,0,0,0,
1788924581.346202,5,postgres,0,39122,0,236339,1398546,16483512,420000,0,0,0,0,0,0,0,0,,0,0,230366.095,227158.517,0,859,4,0,0,0,0,
1788924581.346202,16384,markwkm,0,37839,0,223082,1380614,16584999,395771,0,0,0,0,0,0,0,0,,0,0,2456.291,47.366,0,425,0,0,0,0,0,
1788924581.346202,1,template1,0,37160,0,220912,1330341,16445919,374717,0,0,0,0,0,0,0,0,,0,0,2511.996,2455.707,0,13,0,0,0,0,0,
1788924581.346202,4,template0,0,5680,0,31052,198716,2434760,55573,0,0,0,0,0,0,0,0,,0,0,0,0,0,0,0,0,0,0,0,
1788924581.346202,1985237,dbt5,51,158011005,3311690,368527041,338825588911,426622610943,310401850981,694659627,151912438,13755742,0,52,22056239104,0,0,,0,0,2571446173.948,1069043909.604,94555274.274,54790,113,0,0,0,0,
1788924581.346202,1928040,dbt5test,0,117988,13,27033188,1033651430,5422013241,2196693272,1171061198,575,2571,0,114,43941658624,0,0,,0,0,30527647.467,30489493.082,5524.955,555,0,6,0,2,2,
1788924641.482909,0,,0,0,0,103148,134881908,38347528,31419056,15,0,14,0,0,0,0,0,,0,0,0,0,0,0,0,0,0,0,0,
1788924641.482909,5,postgres,0,39124,0,236339,1398619,16484397,420015,0,0,0,0,0,0,0,0,,0,0,230366.095,227158.517,0,859,4,0,0,0,0,
1788924641.482909,16384,markwkm,0,37841,0,223082,1380687,16585884,395786,0,0,0,0,0,0,0,0,,0,0,2456.291,47.366,0,425,0,0,0,0,0,
1788924641.482909,1,template1,0,37162,0,220912,1330414,16446804,374732,0,0,0,0,0,0,0,0,,0,0,2511.996,2455.707,0,13,0,0,0,0,0,
1788924641.482909,4,template0,0,5682,0,31052,198789,2435645,55588,0,0,0,0,0,0,0,0,,0,0,0,0,0,0,0,0,0,0,0,
1788924641.482909,1985237,dbt5,48,158150523,3315569,368876096,339141108397,427012936335,310691550840,694759244,152050742,13768801,0,52,22056239104,0,0,,0,0,2574286885.021,1070420096.929,94721537.287,54826,113,0,0,0,0,
1788924641.482909,1928040,dbt5test,0,117990,13,27033188,1033651506,5422014355,2196693287,1171061198,575,2571,0,114,43941658624,0,0,,0,0,30527647.467,30489493.082,5524.955,555,0,6,0,2,2,
1788924701.574199,0,,0,0,0,103148,134882392,38347659,31419169,15,0,14,0,0,0,0,0,,0,0,0,0,0,0,0,0,0,0,0,
1788924701.574199,5,postgres,0,39126,0,236339,1398692,16485282,420030,0,0,0,0,0,0,0,0,,0,0,230366.095,227158.517,0,859,4,0,0,0,0,
1788924701.574199,16384,markwkm,0,37843,0,223082,1380760,16586769,395801,0,0,0,0,0,0,0,0,,0,0,2456.291,47.366,0,425,0,0,0,0,0,
1788924701.574199,1,template1,0,37164,0,220912,1330487,16447689,374747,0,0,0,0,0,0,0,0,,0,0,2511.996,2455.707,0,13,0,0,0,0,0,
1788924701.574199,4,template0,0,5684,0,31052,198862,2436530,55603,0,0,0,0,0,0,0,0,,0,0,0,0,0,0,0,0,0,0,0,
1788924701.574199,1985237,dbt5,55,158289118,3318781,369225348,339456733126,427403442828,310981806240,694856151,152186513,13780955,0,52,22056239104,0,0,,0,0,2576542920.778,1071789428.716,94886706.894,54842,113,0,0,0,0,
1788924701.574199,1928040,dbt5test,0,117992,13,27033188,1033651582,5422015469,2196693302,1171061198,575,2571,0,114,43941658624,0,0,,0,0,30527647.467,30489493.082,5524.955,555,0,6,0,2,2,
1788924761.709329,0,,0,0,0,103148,134883405,38347965,31419405,15,0,14,0,0,0,0,0,,0,0,0,0,0,0,0,0,0,0,0,
1788924761.709329,5,postgres,0,39128,0,236339,1398765,16486167,420045,0,0,0,0,0,0,0,0,,0,0,230366.095,227158.517,0,859,4,0,0,0,0,
1788924761.709329,16384,markwkm,0,37845,0,223082,1380833,16587654,395816,0,0,0,0,0,0,0,0,,0,0,2456.291,47.366,0,425,0,0,0,0,0,
1788924761.709329,1,template1,0,37166,0,220912,1330560,16448574,374762,0,0,0,0,0,0,0,0,,0,0,2511.996,2455.707,0,13,0,0,0,0,0,
1788924761.709329,4,template0,0,5686,0,31052,198935,2437415,55618,0,0,0,0,0,0,0,0,,0,0,0,0,0,0,0,0,0,0,0,
1788924761.709329,1985237,dbt5,56,158429358,3322485,369573387,339771704458,427793579076,311270999026,694955719,152325006,13793919,0,52,22056239104,0,0,,0,0,2579091288.576,1073168136.398,95053881.876,54880,113,0,0,0,0,
1788924761.709329,1928040,dbt5test,0,117994,13,27033188,1033651658,5422016583,2196693317,1171061198,575,2571,0,114,43941658624,0,0,,0,0,30527647.467,30489493.082,5524.955,555,0,6,0,2,2,
1788924821.818593,0,,0,0,0,103148,134884320,38348203,31419619,15,0,14,0,0,0,0,0,,0,0,0,0,0,0,0,0,0,0,0,
1788924821.818593,5,postgres,0,39130,0,236339,1398838,16487052,420060,0,0,0,0,0,0,0,0,,0,0,230366.095,227158.517,0,859,4,0,0,0,0,
1788924821.818593,16384,markwkm,0,37847,0,223082,1380906,16588539,395831,0,0,0,0,0,0,0,0,,0,0,2456.291,47.366,0,425,0,0,0,0,0,
1788924821.818593,1,template1,0,37168,0,220912,1330633,16449459,374777,0,0,0,0,0,0,0,0,,0,0,2511.996,2455.707,0,13,0,0,0,0,0,
1788924821.818593,4,template0,0,5688,0,31052,199008,2438300,55633,0,0,0,0,0,0,0,0,,0,0,0,0,0,0,0,0,0,0,0,
1788924821.818593,1985237,dbt5,53,158568121,3325805,369921653,340088441223,428185158445,311562436242,695052861,152461028,13806424,0,52,22056239104,0,0,,0,0,2581373512.186,1074538034.805,95218587.558,54913,113,0,0,0,0,
1788924821.818593,1928040,dbt5test,0,117996,13,27033188,1033651734,5422017697,2196693332,1171061198,575,2571,0,114,43941658624,0,0,,0,0,30527647.467,30489493.082,5524.955,555,0,6,0,2,2,
1788924881.951217,0,,0,0,0,103148,134885386,38348504,31419867,15,0,14,0,0,0,0,0,,0,0,0,0,0,0,0,0,0,0,0,
1788924881.951217,5,postgres,0,39132,0,236339,1398911,16487937,420075,0,0,0,0,0,0,0,0,,0,0,230366.095,227158.517,0,859,4,0,0,0,0,
1788924881.951217,16384,markwkm,0,37849,0,223082,1380979,16589424,395846,0,0,0,0,0,0,0,0,,0,0,2456.291,47.366,0,425,0,0,0,0,0,
1788924881.951217,1,template1,0,37170,0,220912,1330706,16450344,374792,0,0,0,0,0,0,0,0,,0,0,2511.996,2455.707,0,13,0,0,0,0,0,
1788924881.951217,4,template0,0,5690,0,31052,199081,2439185,55648,0,0,0,0,0,0,0,0,,0,0,0,0,0,0,0,0,0,0,0,
1788924881.951217,1985237,dbt5,51,158707185,3329546,370270716,340404750682,428576531450,311853371506,695151514,152598289,13819402,0,52,22056239104,0,0,,0,0,2584386602.163,1075913838.283,95384306.291,54957,113,0,0,0,0,
1788924881.951217,1928040,dbt5test,0,117998,13,27033188,1033651810,5422018811,2196693347,1171061198,575,2571,0,114,43941658624,0,0,,0,0,30527647.467,30489493.082,5524.955,555,0,6,0,2,2,
1788924941.052050,0,,0,0,0,103148,134886116,38348717,31420039,15,0,14,0,0,0,0,0,,0,0,0,0,0,0,0,0,0,0,0,
1788924941.052050,5,postgres,0,39134,0,236339,1398984,16488822,420090,0,0,0,0,0,0,0,0,,0,0,230366.095,227158.517,0,859,4,0,0,0,0,
1788924941.052050,16384,markwkm,0,37851,0,223082,1381052,16590309,395861,0,0,0,0,0,0,0,0,,0,0,2456.291,47.366,0,425,0,0,0,0,0,
1788924941.052050,1,template1,0,37172,0,220912,1330779,16451229,374807,0,0,0,0,0,0,0,0,,0,0,2511.996,2455.707,0,13,0,0,0,0,0,
1788924941.052050,4,template0,0,5692,0,31052,199154,2440070,55663,0,0,0,0,0,0,0,0,,0,0,0,0,0,0,0,0,0,0,0,
1788924941.052050,1985237,dbt5,47,158844057,3332960,370613048,340715976877,428961313776,312139388213,695248592,152733032,13832139,0,52,22056239104,0,0,,0,0,2586759690.327,1077264428.282,95546041.863,54976,113,0,0,0,0,
1788924941.052050,1928040,dbt5test,0,118000,13,27033188,1033651886,5422019925,2196693362,1171061198,575,2571,0,114,43941658624,0,0,,0,0,30527647.467,30489493.082,5524.955,555,0,6,0,2,2,
1788925001.239450,0,,0,0,0,103148,134887622,38349113,31420388,15,0,14,0,0,0,0,0,,0,0,0,0,0,0,0,0,0,0,0,
1788925001.239450,5,postgres,0,39136,0,236339,1399057,16489707,420105,0,0,0,0,0,0,0,0,,0,0,230366.095,227158.517,0,859,4,0,0,0,0,
1788925001.239450,16384,markwkm,0,37853,0,223082,1381125,16591194,395876,0,0,0,0,0,0,0,0,,0,0,2456.291,47.366,0,425,0,0,0,0,0,
1788925001.239450,1,template1,0,37174,0,220912,1330852,16452114,374822,0,0,0,0,0,0,0,0,,0,0,2511.996,2455.707,0,13,0,0,0,0,0,
1788925001.239450,4,template0,0,5694,0,31052,199227,2440955,55678,0,0,0,0,0,0,0,0,,0,0,0,0,0,0,0,0,0,0,0,
1788925001.239450,1985237,dbt5,59,158983357,3336449,370961971,341031373692,429351616962,312429136436,695346435,152870226,13844771,0,52,22056239104,0,0,,0,0,2589375620.741,1078640175.395,95710179.391,55035,113,0,0,0,0,
1788925001.239450,1928040,dbt5test,0,118002,13,27033188,1033651962,5422021039,2196693377,1171061198,575,2571,0,114,43941658624,0,0,,0,0,30527647.467,30489493.082,5524.955,555,0,6,0,2,2,
1788925061.325014,0,,0,0,0,103148,134888489,38349362,31420590,15,0,14,0,0,0,0,0,,0,0,0,0,0,0,0,0,0,0,0,
1788925061.325014,5,postgres,0,39138,0,236339,1399130,16490592,420120,0,0,0,0,0,0,0,0,,0,0,230366.095,227158.517,0,859,4,0,0,0,0,
1788925061.325014,16384,markwkm,0,37855,0,223082,1381198,16592079,395891,0,0,0,0,0,0,0,0,,0,0,2456.291,47.366,0,425,0,0,0,0,0,
1788925061.325014,1,template1,0,37176,0,220912,1330925,16452999,374837,0,0,0,0,0,0,0,0,,0,0,2511.996,2455.707,0,13,0,0,0,0,0,
1788925061.325014,4,template0,0,5696,0,31052,199300,2441840,55693,0,0,0,0,0,0,0,0,,0,0,0,0,0,0,0,0,0,0,0,
1788925061.325014,1985237,dbt5,58,159121601,3339854,371308893,341346969643,429741342885,312719209373,695444201,153006309,13857549,0,52,22056239104,0,0,,0,0,2591749267.426,1080015246.252,95873832.516,55067,113,0,0,0,0,
1788925061.325014,1928040,dbt5test,0,118004,13,27033188,1033652038,5422022153,2196693392,1171061198,575,2571,0,114,43941658624,0,0,,0,0,30527647.467,30489493.082,5524.955,555,0,6,0,2,2,
1788925121.423807,0,,0,0,0,103148,134889228,38349583,31420764,15,0,14,0,0,0,0,0,,0,0,0,0,0,0,0,0,0,0,0,
1788925121.423807,5,postgres,0,39140,0,236339,1399203,16491477,420135,0,0,0,0,0,0,0,0,,0,0,230366.095,227158.517,0,859,4,0,0,0,0,
1788925121.423807,16384,markwkm,0,37857,0,223082,1381271,16592964,395906,0,0,0,0,0,0,0,0,,0,0,2456.291,47.366,0,425,0,0,0,0,0,
1788925121.423807,1,template1,0,37178,0,220912,1330998,16453884,374852,0,0,0,0,0,0,0,0,,0,0,2511.996,2455.707,0,13,0,0,0,0,0,
1788925121.423807,4,template0,0,5698,0,31052,199373,2442725,55708,0,0,0,0,0,0,0,0,,0,0,0,0,0,0,0,0,0,0,0,
1788925121.423807,1985237,dbt5,51,159260596,3343529,371656561,341661319783,430130409335,313008110230,695542595,153143520,13870428,0,52,22056239104,0,0,,0,0,2594063379.603,1081387471.872,96038009.767,55091,113,0,0,0,0,
1788925121.423807,1928040,dbt5test,0,118006,13,27033188,1033652114,5422023267,2196693407,1171061198,575,2571,0,114,43941658624,0,0,,0,0,30527647.467,30489493.082,5524.955,555,0,6,0,2,2,
1788925181.554355,0,,0,0,0,103148,134890038,38349820,31420954,15,0,14,0,0,0,0,0,,0,0,0,0,0,0,0,0,0,0,0,
1788925181.554355,5,postgres,0,39142,0,236339,1399276,16492362,420150,0,0,0,0,0,0,0,0,,0,0,230366.095,227158.517,0,859,4,0,0,0,0,
1788925181.554355,16384,markwkm,0,37859,0,223082,1381344,16593849,395921,0,0,0,0,0,0,0,0,,0,0,2456.291,47.366,0,425,0,0,0,0,0,
1788925181.554355,1,template1,0,37180,0,220912,1331071,16454769,374867,0,0,0,0,0,0,0,0,,0,0,2511.996,2455.707,0,13,0,0,0,0,0,
1788925181.554355,4,template0,0,5700,0,31052,199446,2443610,55723,0,0,0,0,0,0,0,0,,0,0,0,0,0,0,0,0,0,0,0,
1788925181.554355,1985237,dbt5,46,159399742,3347136,372006328,341976610445,430520499726,313297792371,695641166,153281069,13883439,0,52,22056239104,0,0,,0,0,2596332008.154,1082763232.982,96203419.695,55119,113,0,0,0,0,
1788925181.554355,1928040,dbt5test,0,118008,13,27033188,1033652190,5422024381,2196693422,1171061198,575,2571,0,114,43941658624,0,0,,0,0,30527647.467,30489493.082,5524.955,555,0,6,0,2,2,
1788925241.745008,0,,0,0,0,103148,134891278,38350161,31421242,15,0,14,0,0,0,0,0,,0,0,0,0,0,0,0,0,0,0,0,
1788925241.745008,5,postgres,0,39144,0,236339,1399349,16493247,420165,0,0,0,0,0,0,0,0,,0,0,230366.095,227158.517,0,859,4,0,0,0,0,
1788925241.745008,16384,markwkm,0,37861,0,223082,1381417,16594734,395936,0,0,0,0,0,0,0,0,,0,0,2456.291,47.366,0,425,0,0,0,0,0,
1788925241.745008,1,template1,0,37182,0,220912,1331144,16455654,374882,0,0,0,0,0,0,0,0,,0,0,2511.996,2455.707,0,13,0,0,0,0,0,
1788925241.745008,4,template0,0,5702,0,31052,199519,2444495,55738,0,0,0,0,0,0,0,0,,0,0,0,0,0,0,0,0,0,0,0,
1788925241.745008,1985237,dbt5,52,159539224,3350759,372357289,342292498742,430911558521,313588153330,695739661,153418881,13896202,0,52,22056239104,0,0,,0,0,2598973090.09,1084136633.998,96369580.979,55167,113,0,0,0,0,
1788925241.745008,1928040,dbt5test,0,118010,13,27033188,1033652266,5422025495,2196693437,1171061198,575,2571,0,114,43941658624,0,0,,0,0,30527647.467,30489493.082,5524.955,555,0,6,0,2,2,
1788925301.881738,0,,0,0,0,103148,134892257,38350453,31421470,15,0,14,0,0,0,0,0,,0,0,0,0,0,0,0,0,0,0,0,
1788925301.881738,5,postgres,0,39146,0,236339,1399422,16494132,420180,0,0,0,0,0,0,0,0,,0,0,230366.095,227158.517,0,859,4,0,0,0,0,
1788925301.881738,16384,markwkm,0,37863,0,223082,1381490,16595619,395951,0,0,0,0,0,0,0,0,,0,0,2456.291,47.366,0,425,0,0,0,0,0,
1788925301.881738,1,template1,0,37184,0,220912,1331217,16456539,374897,0,0,0,0,0,0,0,0,,0,0,2511.996,2455.707,0,13,0,0,0,0,0,
1788925301.881738,4,template0,0,5704,0,31052,199592,2445380,55753,0,0,0,0,0,0,0,0,,0,0,0,0,0,0,0,0,0,0,0,
1788925301.881738,1985237,dbt5,51,159679145,3354511,372708899,342606377354,431300311983,313876312544,695839273,153557518,13909271,0,52,22056239104,0,0,,0,0,2601698888.157,1085508962.778,96537921.172,55202,113,0,0,0,0,
1788925301.881738,1928040,dbt5test,0,118012,13,27033188,1033652342,5422026609,2196693452,1171061198,575,2571,0,114,43941658624,0,0,,0,0,30527647.467,30489493.082,5524.955,555,0,6,0,2,2,
1788925362.007340,0,,0,0,0,103148,134893316,38350723,31421716,15,0,14,0,0,0,0,0,,0,0,0,0,0,0,0,0,0,0,0,
1788925362.007340,5,postgres,0,39148,0,236339,1399495,16495017,420195,0,0,0,0,0,0,0,0,,0,0,230366.095,227158.517,0,859,4,0,0,0,0,
1788925362.007340,16384,markwkm,0,37865,0,223082,1381563,16596504,395966,0,0,0,0,0,0,0,0,,0,0,2456.291,47.366,0,425,0,0,0,0,0,
1788925362.007340,1,template1,0,37186,0,220912,1331290,16457424,374912,0,0,0,0,0,0,0,0,,0,0,2511.996,2455.707,0,13,0,0,0,0,0,
1788925362.007340,4,template0,0,5706,0,31052,199665,2446265,55768,0,0,0,0,0,0,0,0,,0,0,0,0,0,0,0,0,0,0,0,
1788925362.007340,1985237,dbt5,52,159818414,3358074,373054670,342920167111,431688988348,314164469129,695937566,153694231,13921789,0,52,22056239104,0,0,,0,0,2604088133.646,1086904224.426,96701301.858,55241,113,0,0,0,0,
1788925362.007340,1928040,dbt5test,0,118014,13,27033188,1033652418,5422027723,2196693467,1171061198,575,2571,0,114,43941658624,0,0,,0,0,30527647.467,30489493.082,5524.955,555,0,6,0,2,2,
1788925421.101540,0,,0,0,0,103148,134894114,38350958,31421904,15,0,14,0,0,0,0,0,,0,0,0,0,0,0,0,0,0,0,0,
1788925421.101540,5,postgres,0,39150,0,236339,1399568,16495902,420210,0,0,0,0,0,0,0,0,,0,0,230366.095,227158.517,0,859,4,0,0,0,0,
1788925421.101540,16384,markwkm,0,37867,0,223082,1381636,16597389,395981,0,0,0,0,0,0,0,0,,0,0,2456.291,47.366,0,425,0,0,0,0,0,
1788925421.101540,1,template1,0,37188,0,220912,1331363,16458309,374927,0,0,0,0,0,0,0,0,,0,0,2511.996,2455.707,0,13,0,0,0,0,0,
1788925421.101540,4,template0,0,5708,0,31052,199738,2447150,55783,0,0,0,0,0,0,0,0,,0,0,0,0,0,0,0,0,0,0,0,
1788925421.101540,1985237,dbt5,49,159954295,3361859,373394719,343228883239,432071160209,314448383959,696034863,153829668,13934436,0,52,22056239104,0,0,,0,0,2606467650.59,1088266597.976,96863239.261,55269,113,0,0,0,0,
1788925421.101540,1928040,dbt5test,0,118016,13,27033188,1033652494,5422028837,2196693482,1171061198,575,2571,0,114,43941658624,0,0,,0,0,30527647.467,30489493.082,5524.955,555,0,6,0,2,2,
1788925481.235647,0,,0,0,0,103148,134895056,38351225,31422124,15,0,14,0,0,0,0,0,,0,0,0,0,0,0,0,0,0,0,0,
1788925481.235647,5,postgres,0,39152,0,236339,1399641,16496787,420225,0,0,0,0,0,0,0,0,,0,0,230366.095,227158.517,0,859,4,0,0,0,0,
1788925481.235647,16384,markwkm,0,37869,0,223082,1381709,16598274,395996,0,0,0,0,0,0,0,0,,0,0,2456.291,47.366,0,425,0,0,0,0,0,
1788925481.235647,1,template1,0,37190,0,220912,1331436,16459194,374942,0,0,0,0,0,0,0,0,,0,0,2511.996,2455.707,0,13,0,0,0,0,0,
1788925481.235647,4,template0,0,5710,0,31052,199811,2448035,55798,0,0,0,0,0,0,0,0,,0,0,0,0,0,0,0,0,0,0,0,
1788925481.235647,1985237,dbt5,50,160093185,3365395,373741747,343544774018,432461570465,314738686932,696133535,153966338,13947297,0,52,22056239104,0,0,,0,0,2608842457.678,1089652505.597,97025814.193,55303,113,0,0,0,0,
1788925481.235647,1928040,dbt5test,0,118018,13,27033188,1033652570,5422029951,2196693497,1171061198,575,2571,0,114,43941658624,0,0,,0,0,30527647.467,30489493.082,5524.955,555,0,6,0,2,2,
1788925541.391652,0,,0,0,0,103148,134896598,38351658,31422481,15,0,14,0,0,0,0,0,,0,0,0,0,0,0,0,0,0,0,0,
1788925541.391652,5,postgres,0,39154,0,236339,1399714,16497672,420240,0,0,0,0,0,0,0,0,,0,0,230366.095,227158.517,0,859,4,0,0,0,0,
1788925541.391652,16384,markwkm,0,37871,0,223082,1381782,16599159,396011,0,0,0,0,0,0,0,0,,0,0,2456.291,47.366,0,425,0,0,0,0,0,
1788925541.391652,1,template1,0,37192,0,220912,1331509,16460079,374957,0,0,0,0,0,0,0,0,,0,0,2511.996,2455.707,0,13,0,0,0,0,0,
1788925541.391652,4,template0,0,5712,0,31052,199884,2448920,55813,0,0,0,0,0,0,0,0,,0,0,0,0,0,0,0,0,0,0,0,
1788925541.391652,1985237,dbt5,63,160231631,3369076,374088144,343860661801,432851837780,315028882941,696231697,154103685,13959993,0,52,22056239104,0,0,,0,0,2611515528.803,1091036202.095,97188447.427,55364,113,0,0,0,0,
1788925541.391652,1928040,dbt5test,0,118020,13,27033188,1033652646,5422031065,2196693512,1171061198,575,2571,0,114,43941658624,0,0,,0,0,30527647.467,30489493.082,5524.955,555,0,6,0,2,2,
1788925601.473499,0,,0,0,0,103148,134897072,38351789,31422594,15,0,14,0,0,0,0,0,,0,0,0,0,0,0,0,0,0,0,0,
1788925601.473499,5,postgres,0,39156,0,236339,1399787,16498557,420255,0,0,0,0,0,0,0,0,,0,0,230366.095,227158.517,0,859,4,0,0,0,0,
1788925601.473499,16384,markwkm,0,37873,0,223082,1381855,16600044,396026,0,0,0,0,0,0,0,0,,0,0,2456.291,47.366,0,425,0,0,0,0,0,
1788925601.473499,1,template1,0,37194,0,220912,1331582,16460964,374972,0,0,0,0,0,0,0,0,,0,0,2511.996,2455.707,0,13,0,0,0,0,0,
1788925601.473499,4,template0,0,5714,0,31052,199957,2449805,55828,0,0,0,0,0,0,0,0,,0,0,0,0,0,0,0,0,0,0,0,
1788925601.473499,1985237,dbt5,51,160369250,3372475,374436115,344175745315,433241095772,315318712862,696328305,154238269,13972293,0,52,22056239104,0,0,,0,0,2613804209.621,1092416016.172,97350645.391,55377,113,0,0,0,0,
1788925601.473499,1928040,dbt5test,0,118022,13,27033188,1033652722,5422032179,2196693527,1171061198,575,2571,0,114,43941658624,0,0,,0,0,30527647.467,30489493.082,5524.955,555,0,6,0,2,2,
1788925661.632437,0,,0,0,0,103148,134898441,38352160,31422912,15,0,14,0,0,0,0,0,,0,0,0,0,0,0,0,0,0,0,0,
1788925661.632437,5,postgres,0,39158,0,236339,1399860,16499442,420270,0,0,0,0,0,0,0,0,,0,0,230366.095,227158.517,0,859,4,0,0,0,0,
1788925661.632437,16384,markwkm,0,37875,0,223082,1381928,16600929,396041,0,0,0,0,0,0,0,0,,0,0,2456.291,47.366,0,425,0,0,0,0,0,
1788925661.632437,1,template1,0,37196,0,220912,1331655,16461849,374987,0,0,0,0,0,0,0,0,,0,0,2511.996,2455.707,0,13,0,0,0,0,0,
1788925661.632437,4,template0,0,5716,0,31052,200030,2450690,55843,0,0,0,0,0,0,0,0,,0,0,0,0,0,0,0,0,0,0,0,
1788925661.632437,1985237,dbt5,54,160507419,3375970,374782261,344491026019,433630561338,315608658548,696426328,154374957,13985288,0,52,22056239104,0,0,,0,0,2616229610.697,1093797333.373,97514392.025,55429,113,0,0,0,0,
1788925661.632437,1928040,dbt5test,0,118024,13,27033188,1033652798,5422033293,2196693542,1171061198,575,2571,0,114,43941658624,0,0,,0,0,30527647.467,30489493.082,5524.955,555,0,6,0,2,2,
1788925721.779648,0,,0,0,0,103148,134899559,38352491,31423173,15,0,14,0,0,0,0,0,,0,0,0,0,0,0,0,0,0,0,0,
1788925721.779648,5,postgres,0,39160,0,236339,1399933,16500327,420285,0,0,0,0,0,0,0,0,,0,0,230366.095,227158.517,0,859,4,0,0,0,0,
1788925721.779648,16384,markwkm,0,37877,0,223082,1382001,16601814,396056,0,0,0,0,0,0,0,0,,0,0,2456.291,47.366,0,425,0,0,0,0,0,
1788925721.779648,1,template1,0,37198,0,220912,1331728,16462734,375002,0,0,0,0,0,0,0,0,,0,0,2511.996,2455.707,0,13,0,0,0,0,0,
1788925721.779648,4,template0,0,5718,0,31052,200103,2451575,55858,0,0,0,0,0,0,0,0,,0,0,0,0,0,0,0,0,0,0,0,
1788925721.779648,1985237,dbt5,57,160646333,3379582,375128775,344805416560,434019527848,315897471850,696524950,154512571,13998332,0,52,22056239104,0,0,,0,0,2618553438.471,1095179208.528,97676924.191,55473,113,0,0,0,0,
1788925721.779648,1928040,dbt5test,0,118026,13,27033188,1033652874,5422034407,2196693557,1171061198,575,2571,0,114,43941658624,0,0,,0,0,30527647.467,30489493.082,5524.955,555,0,6,0,2,2,
1788925781.926825,0,,0,0,0,103148,134900537,38352749,31423401,15,0,14,0,0,0,0,0,,0,0,0,0,0,0,0,0,0,0,0,
1788925781.926825,5,postgres,0,39162,0,236339,1400006,16501212,420300,0,0,0,0,0,0,0,0,,0,0,230366.095,227158.517,0,859,4,0,0,0,0,
1788925781.926825,16384,markwkm,0,37879,0,223082,1382074,16602699,396071,0,0,0,0,0,0,0,0,,0,0,2456.291,47.366,0,425,0,0,0,0,0,
1788925781.926825,1,template1,0,37200,0,220912,1331801,16463619,375017,0,0,0,0,0,0,0,0,,0,0,2511.996,2455.707,0,13,0,0,0,0,0,
1788925781.926825,4,template0,0,5720,0,31052,200176,2452460,55873,0,0,0,0,0,0,0,0,,0,0,0,0,0,0,0,0,0,0,0,
1788925781.926825,1985237,dbt5,54,160785026,3383139,375477119,345119844409,434408013730,316186309318,696623703,154649904,14011154,0,52,22056239104,0,0,,0,0,2621158271.632,1096559696.747,97840205.308,55508,113,0,0,0,0,
1788925781.926825,1928040,dbt5test,0,118028,13,27033188,1033652950,5422035521,2196693572,1171061198,575,2571,0,114,43941658624,0,0,,0,0,30527647.467,30489493.082,5524.955,555,0,6,0,2,2,
1788925842.016048,0,,0,0,0,103148,134900950,38352882,31423499,15,0,14,0,0,0,0,0,,0,0,0,0,0,0,0,0,0,0,0,
1788925842.016048,5,postgres,0,39164,0,236339,1400079,16502097,420315,0,0,0,0,0,0,0,0,,0,0,230366.095,227158.517,0,859,4,0,0,0,0,
1788925842.016048,16384,markwkm,0,37881,0,223082,1382147,16603584,396086,0,0,0,0,0,0,0,0,,0,0,2456.291,47.366,0,425,0,0,0,0,0,
1788925842.016048,1,template1,0,37202,0,220912,1331874,16464504,375032,0,0,0,0,0,0,0,0,,0,0,2511.996,2455.707,0,13,0,0,0,0,0,
1788925842.016048,4,template0,0,5722,0,31052,200249,2453345,55888,0,0,0,0,0,0,0,0,,0,0,0,0,0,0,0,0,0,0,0,
1788925842.016048,1985237,dbt5,49,160923575,3386496,375829122,345435384712,434798396285,316476413767,696720870,154785473,14023767,0,52,22056239104,0,0,,0,0,2623459543.845,1097940011.239,98001667.913,55518,113,0,0,0,0,
1788925842.016048,1928040,dbt5test,0,118030,13,27033188,1033653026,5422036635,2196693587,1171061198,575,2571,0,114,43941658624,0,0,,0,0,30527647.467,30489493.082,5524.955,555,0,6,0,2,2,
1788925901.165462,0,,0,0,0,103148,134902267,38353264,31423805,15,0,14,0,0,0,0,0,,0,0,0,0,0,0,0,0,0,0,0,
1788925901.165462,5,postgres,0,39166,0,236339,1400152,16502982,420330,0,0,0,0,0,0,0,0,,0,0,230366.095,227158.517,0,859,4,0,0,0,0,
1788925901.165462,16384,markwkm,0,37883,0,223082,1382220,16604469,396101,0,0,0,0,0,0,0,0,,0,0,2456.291,47.366,0,425,0,0,0,0,0,
1788925901.165462,1,template1,0,37204,0,220912,1331947,16465389,375047,0,0,0,0,0,0,0,0,,0,0,2511.996,2455.707,0,13,0,0,0,0,0,
1788925901.165462,4,template0,0,5724,0,31052,200322,2454230,55903,0,0,0,0,0,0,0,0,,0,0,0,0,0,0,0,0,0,0,0,
1788925901.165462,1985237,dbt5,50,161059530,3389995,376171318,345742370825,435178293366,316758236383,696816956,154919265,14036584,0,52,22056239104,0,0,,0,0,2626267594.99,1099294898.617,98162101.085,55568,113,0,0,0,0,
1788925901.165462,1928040,dbt5test,0,118032,13,27033188,1033653102,5422037749,2196693602,1171061198,575,2571,0,114,43941658624,0,0,,0,0,30527647.467,30489493.082,5524.955,555,0,6,0,2,2,
1788925961.291659,0,,0,0,0,103148,134903142,38353486,31424009,15,0,14,0,0,0,0,0,,0,0,0,0,0,0,0,0,0,0,0,
1788925961.291659,5,postgres,0,39168,0,236339,1400225,16503867,420345,0,0,0,0,0,0,0,0,,0,0,230366.095,227158.517,0,859,4,0,0,0,0,
1788925961.291659,16384,markwkm,0,37885,0,223082,1382293,16605354,396116,0,0,0,0,0,0,0,0,,0,0,2456.291,47.366,0,425,0,0,0,0,0,
1788925961.291659,1,template1,0,37206,0,220912,1332020,16466274,375062,0,0,0,0,0,0,0,0,,0,0,2511.996,2455.707,0,13,0,0,0,0,0,
1788925961.291659,4,template0,0,5726,0,31052,200395,2455115,55918,0,0,0,0,0,0,0,0,,0,0,0,0,0,0,0,0,0,0,0,
1788925961.291659,1985237,dbt5,53,161198149,3393533,376522081,346057486278,435567833443,317047769716,696914676,155055705,14049254,0,52,22056239104,0,0,,0,0,2628550182.088,1100672506.166,98324050.102,55600,113,0,0,0,0,
1788925961.291659,1928040,dbt5test,0,118034,13,27033188,1033653178,5422038863,2196693617,1171061198,575,2571,0,114,43941658624,0,0,,0,0,30527647.467,30489493.082,5524.955,555,0,6,0,2,2,
1788926021.432971,0,,0,0,0,103148,134904451,38353843,31424313,15,0,14,0,0,0,0,0,,0,0,0,0,0,0,0,0,0,0,0,
1788926021.432971,5,postgres,0,39170,0,236339,1400298,16504752,420360,0,0,0,0,0,0,0,0,,0,0,230366.095,227158.517,0,859,4,0,0,0,0,
1788926021.432971,16384,markwkm,0,37887,0,223082,1382366,16606239,396131,0,0,0,0,0,0,0,0,,0,0,2456.291,47.366,0,425,0,0,0,0,0,
1788926021.432971,1,template1,0,37208,0,220912,1332093,16467159,375077,0,0,0,0,0,0,0,0,,0,0,2511.996,2455.707,0,13,0,0,0,0,0,
1788926021.432971,4,template0,0,5728,0,31052,200468,2456000,55933,0,0,0,0,0,0,0,0,,0,0,0,0,0,0,0,0,0,0,0,
1788926021.432971,1985237,dbt5,61,161336810,3397134,376869441,346371603278,435956325413,317336209178,697013117,155192379,14061821,0,52,22056239104,0,0,,0,0,2630903525.605,1102047822.423,98487643.918,55650,113,0,0,0,0,
1788926021.432971,1928040,dbt5test,0,118036,13,27033188,1033653254,5422039977,2196693632,1171061198,575,2571,0,114,43941658624,0,0,,0,0,30527647.467,30489493.082,5524.955,555,0,6,0,2,2,
1788926081.539653,0,,0,0,0,103148,134905018,38354024,31424447,15,0,14,0,0,0,0,0,,0,0,0,0,0,0,0,0,0,0,0,
1788926081.539653,5,postgres,0,39172,0,236339,1400371,16505637,420375,0,0,0,0,0,0,0,0,,0,0,230366.095,227158.517,0,859,4,0,0,0,0,
1788926081.539653,16384,markwkm,0,37889,0,223082,1382439,16607124,396146,0,0,0,0,0,0,0,0,,0,0,2456.291,47.366,0,425,0,0,0,0,0,
1788926081.539653,1,template1,0,37210,0,220912,1332166,16468044,375092,0,0,0,0,0,0,0,0,,0,0,2511.996,2455.707,0,13,0,0,0,0,0,
1788926081.539653,4,template0,0,5730,0,31052,200541,2456885,55948,0,0,0,0,0,0,0,0,,0,0,0,0,0,0,0,0,0,0,0,
1788926081.539653,1985237,dbt5,49,161474737,3400837,377221672,346687013894,436345834089,317626148576,697111410,155329218,14074809,0,52,22056239104,0,0,,0,0,2633239605.947,1103426613.248,98650372.413,55667,113,0,0,0,0,
1788926081.539653,1928040,dbt5test,0,118038,13,27033188,1033653330,5422041091,2196693647,1171061198,575,2571,0,114,43941658624,0,0,,0,0,30527647.467,30489493.082,5524.955,555,0,6,0,2,2,
1788926141.664009,0,,0,0,0,103148,134905769,38354242,31424623,15,0,14,0,0,0,0,0,,0,0,0,0,0,0,0,0,0,0,0,
1788926141.664009,5,postgres,0,39174,0,236348,1400653,16506618,420486,0,0,0,0,0,0,0,0,,0,0,230366.095,227158.517,0,859,4,0,0,0,0,
1788926141.664009,16384,markwkm,0,37891,0,223082,1382512,16608009,396161,0,0,0,0,0,0,0,0,,0,0,2456.291,47.366,0,425,0,0,0,0,0,
1788926141.664009,1,template1,0,37212,0,220912,1332239,16468929,375107,0,0,0,0,0,0,0,0,,0,0,2511.996,2455.707,0,13,0,0,0,0,0,
1788926141.664009,4,template0,0,5732,0,31052,200614,2457770,55963,0,0,0,0,0,0,0,0,,0,0,0,0,0,0,0,0,0,0,0,
1788926141.664009,1985237,dbt5,44,161613199,3404144,377572318,347002588081,436736164883,317916238318,697208538,155464250,14087394,0,52,22056239104,0,0,,0,0,2635822841.896,1104802957.323,98812269.336,55693,113,0,0,0,0,
1788926141.664009,1928040,dbt5test,0,118040,13,27033188,1033653406,5422042205,2196693662,1171061198,575,2571,0,114,43941658624,0,0,,0,0,30527647.467,30489493.082,5524.955,555,0,6,0,2,2,
1788926201.793704,0,,0,0,0,103148,134907251,38354633,31424967,15,0,14,0,0,0,0,0,,0,0,0,0,0,0,0,0,0,0,0,
1788926201.793704,5,postgres,0,39176,0,236348,1400726,16507503,420501,0,0,0,0,0,0,0,0,,0,0,230366.095,227158.517,0,859,4,0,0,0,0,
1788926201.793704,16384,markwkm,0,37893,0,223082,1382585,16608894,396176,0,0,0,0,0,0,0,0,,0,0,2456.291,47.366,0,425,0,0,0,0,0,
1788926201.793704,1,template1,0,37214,0,220912,1332312,16469814,375122,0,0,0,0,0,0,0,0,,0,0,2511.996,2455.707,0,13,0,0,0,0,0,
1788926201.793704,4,template0,0,5734,0,31052,200687,2458655,55978,0,0,0,0,0,0,0,0,,0,0,0,0,0,0,0,0,0,0,0,
1788926201.793704,1985237,dbt5,55,161751922,3407695,377918061,347316587858,437124378678,318204454055,697306383,155601167,14100088,0,52,22056239104,0,0,,0,0,2638139794.265,1106180427.312,98975552.25,55751,113,0,0,0,0,
1788926201.793704,1928040,dbt5test,0,118042,13,27033188,1033653482,5422043319,2196693677,1171061198,575,2571,0,114,43941658624,0,0,,0,0,30527647.467,30489493.082,5524.955,555,0,6,0,2,2,
1788926261.954878,0,,0,0,0,103148,134908215,38354939,31425191,15,0,14,0,0,0,0,0,,0,0,0,0,0,0,0,0,0,0,0,
1788926261.954878,5,postgres,0,39178,0,236348,1400799,16508388,420516,0,0,0,0,0,0,0,0,,0,0,230366.095,227158.517,0,859,4,0,0,0,0,
1788926261.954878,16384,markwkm,0,37895,0,223082,1382658,16609779,396191,0,0,0,0,0,0,0,0,,0,0,2456.291,47.366,0,425,0,0,0,0,0,
1788926261.954878,1,template1,0,37216,0,220912,1332385,16470699,375137,0,0,0,0,0,0,0,0,,0,0,2511.996,2455.707,0,13,0,0,0,0,0,
1788926261.954878,4,template0,0,5736,0,31052,200760,2459540,55993,0,0,0,0,0,0,0,0,,0,0,0,0,0,0,0,0,0,0,0,
1788926261.954878,1985237,dbt5,49,161891052,3411146,378268638,347630369767,437512674354,318492658088,697404857,155737849,14112827,0,52,22056239104,0,0,,0,0,2640476235.096,1107555320.009,99140179.074,55785,113,0,0,0,0,
1788926261.954878,1928040,dbt5test,0,118044,13,27033188,1033653558,5422044433,2196693692,1171061198,575,2571,0,114,43941658624,0,0,,0,0,30527647.467,30489493.082,5524.955,555,0,6,0,2,2,
1788926321.025651,0,,0,0,0,103148,134909309,38355212,31425446,15,0,14,0,0,0,0,0,,0,0,0,0,0,0,0,0,0,0,0,
1788926321.025651,5,postgres,0,39180,0,236348,1400872,16509273,420531,0,0,0,0,0,0,0,0,,0,0,230366.095,227158.517,0,859,4,0,0,0,0,
1788926321.025651,16384,markwkm,0,37897,0,223082,1382731,16610664,396206,0,0,0,0,0,0,0,0,,0,0,2456.291,47.366,0,425,0,0,0,0,0,
1788926321.025651,1,template1,0,37218,0,220912,1332458,16471584,375152,0,0,0,0,0,0,0,0,,0,0,2511.996,2455.707,0,13,0,0,0,0,0,
1788926321.025651,4,template0,0,5738,0,31052,200833,2460425,56008,0,0,0,0,0,0,0,0,,0,0,0,0,0,0,0,0,0,0,0,
1788926321.025651,1985237,dbt5,59,162028623,3415017,378610904,347938938362,437895278120,318775996008,697503571,155875308,14125951,0,52,22056239104,0,0,,0,0,2642836864.599,1108910298.907,99304444.913,55827,113,0,0,0,0,
1788926321.025651,1928040,dbt5test,0,118046,13,27033188,1033653634,5422045547,2196693707,1171061198,575,2571,0,114,43941658624,0,0,,0,0,30527647.467,30489493.082,5524.955,555,0,6,0,2,2,
1788926381.160139,0,,0,0,0,103148,134910171,38355454,31425647,15,0,14,0,0,0,0,0,,0,0,0,0,0,0,0,0,0,0,0,
1788926381.160139,5,postgres,0,39182,0,236348,1400945,16510158,420546,0,0,0,0,0,0,0,0,,0,0,230366.095,227158.517,0,859,4,0,0,0,0,
1788926381.160139,16384,markwkm,0,37899,0,223082,1382804,16611549,396221,0,0,0,0,0,0,0,0,,0,0,2456.291,47.366,0,425,0,0,0,0,0,
1788926381.160139,1,template1,0,37220,0,220912,1332531,16472469,375167,0,0,0,0,0,0,0,0,,0,0,2511.996,2455.707,0,13,0,0,0,0,0,
1788926381.160139,4,template0,0,5740,0,31052,200906,2461310,56023,0,0,0,0,0,0,0,0,,0,0,0,0,0,0,0,0,0,0,0,
1788926381.160139,1985237,dbt5,55,162167990,3418602,378961044,348254684965,438285934256,319066286755,697602726,156012942,14139004,0,52,22056239104,0,0,,0,0,2645436539.289,1110286810.226,99469542.875,55857,113,0,0,0,0,
1788926381.160139,1928040,dbt5test,0,118048,13,27033188,1033653710,5422046661,2196693722,1171061198,575,2571,0,114,43941658624,0,0,,0,0,30527647.467,30489493.082,5524.955,555,0,6,0,2,2,
1788926441.312929,0,,0,0,0,103148,134911368,38355814,31425925,15,0,14,0,0,0,0,0,,0,0,0,0,0,0,0,0,0,0,0,
1788926441.312929,5,postgres,0,39184,0,236348,1401018,16511043,420561,0,0,0,0,0,0,0,0,,0,0,230366.095,227158.517,0,859,4,0,0,0,0,
1788926441.312929,16384,markwkm,0,37901,0,223082,1382877,16612434,396236,0,0,0,0,0,0,0,0,,0,0,2456.291,47.366,0,425,0,0,0,0,0,
1788926441.312929,1,template1,0,37222,0,220912,1332604,16473354,375182,0,0,0,0,0,0,0,0,,0,0,2511.996,2455.707,0,13,0,0,0,0,0,
1788926441.312929,4,template0,0,5742,0,31052,200979,2462195,56038,0,0,0,0,0,0,0,0,,0,0,0,0,0,0,0,0,0,0,0,
1788926441.312929,1985237,dbt5,58,162306565,3421949,379310889,348570111322,438675870410,319356241211,697700042,156149250,14151634,0,52,22056239104,0,0,,0,0,2647682838.34,1111660105.927,99633589.012,55902,113,0,0,0,0,
1788926441.312929,1928040,dbt5test,0,118050,13,27033188,1033653786,5422047775,2196693737,1171061198,575,2571,0,114,43941658624,0,0,,0,0,30527647.467,30489493.082,5524.955,555,0,6,0,2,2,
1788926501.416713,0,,0,0,0,103148,134911917,38355964,31426057,15,0,14,0,0,0,0,0,,0,0,0,0,0,0,0,0,0,0,0,
1788926501.416713,5,postgres,0,39186,0,236348,1401091,16511928,420576,0,0,0,0,0,0,0,0,,0,0,230366.095,227158.517,0,859,4,0,0,0,0,
1788926501.416713,16384,markwkm,0,37903,0,223082,1382950,16613319,396251,0,0,0,0,0,0,0,0,,0,0,2456.291,47.366,0,425,0,0,0,0,0,
1788926501.416713,1,template1,0,37224,0,220912,1332677,16474239,375197,0,0,0,0,0,0,0,0,,0,0,2511.996,2455.707,0,13,0,0,0,0,0,
1788926501.416713,4,template0,0,5744,0,31052,201052,2463080,56053,0,0,0,0,0,0,0,0,,0,0,0,0,0,0,0,0,0,0,0,
1788926501.416713,1985237,dbt5,44,162445275,3425581,379662187,348883428869,439063722246,319643785113,697797633,156285922,14164192,0,52,22056239104,0,0,,0,0,2650258504.189,1113032406.101,99799125.367,55919,113,0,0,0,0,
1788926501.416713,1928040,dbt5test,0,118052,13,27033188,1033653862,5422048889,2196693752,1171061198,575,2571,0,114,43941658624,0,0,,0,0,30527647.467,30489493.082,5524.955,555,0,6,0,2,2,
1788926561.542442,0,,0,0,0,103148,134912994,38356254,31426306,15,0,14,0,0,0,0,0,,0,0,0,0,0,0,0,0,0,0,0,
1788926561.542442,5,postgres,0,39188,0,236348,1401164,16512813,420591,0,0,0,0,0,0,0,0,,0,0,230366.095,227158.517,0,859,4,0,0,0,0,
1788926561.542442,16384,markwkm,0,37905,0,223082,1383023,16614204,396266,0,0,0,0,0,0,0,0,,0,0,2456.291,47.366,0,425,0,0,0,0,0,
1788926561.542442,1,template1,0,37226,0,220912,1332750,16475124,375212,0,0,0,0,0,0,0,0,,0,0,2511.996,2455.707,0,13,0,0,0,0,0,
1788926561.542442,4,template0,0,5746,0,31052,201125,2463965,56068,0,0,0,0,0,0,0,0,,0,0,0,0,0,0,0,0,0,0,0,
1788926561.542442,1985237,dbt5,53,162584120,3429318,380011762,349198115562,439452817101,319932862176,697896365,156423396,14176891,0,52,22056239104,0,0,,0,0,2652506252.92,1114407644.866,99965010.364,55959,113,0,0,0,0,
1788926561.542442,1928040,dbt5test,0,118054,13,27033188,1033653938,5422050003,2196693767,1171061198,575,2571,0,114,43941658624,0,0,,0,0,30527647.467,30489493.082,5524.955,555,0,6,0,2,2,
1788926621.679727,0,,0,0,0,103148,134913946,38356524,31426529,15,0,14,0,0,0,0,0,,0,0,0,0,0,0,0,0,0,0,0,
1788926621.679727,5,postgres,0,39190,0,236348,1401237,16513698,420606,0,0,0,0,0,0,0,0,,0,0,230366.095,227158.517,0,859,4,0,0,0,0,
1788926621.679727,16384,markwkm,0,37907,0,223082,1383096,16615089,396281,0,0,0,0,0,0,0,0,,0,0,2456.291,47.366,0,425,0,0,0,0,0,
1788926621.679727,1,template1,0,37228,0,220912,1332823,16476009,375227,0,0,0,0,0,0,0,0,,0,0,2511.996,2455.707,0,13,0,0,0,0,0,
1788926621.679727,4,template0,0,5748,0,31052,201198,2464850,56083,0,0,0,0,0,0,0,0,,0,0,0,0,0,0,0,0,0,0,0,
1788926621.679727,1985237,dbt5,61,162722352,3432835,380358663,349514805586,439843884689,320224025341,697994092,156559359,14189337,0,52,22056239104,0,0,,0,0,2654825659.034,1115781797.788,100129551.767,55994,113,0,0,0,0,
1788926621.679727,1928040,dbt5test,0,118056,13,27033188,1033654014,5422051117,2196693782,1171061198,575,2571,0,114,43941658624,0,0,,0,0,30527647.467,30489493.082,5524.955,555,0,6,0,2,2,
1788926681.787654,0,,0,0,0,103148,134914890,38356791,31426749,15,0,14,0,0,0,0,0,,0,0,0,0,0,0,0,0,0,0,0,
1788926681.787654,5,postgres,0,39192,0,236348,1401310,16514583,420621,0,0,0,0,0,0,0,0,,0,0,230366.095,227158.517,0,859,4,0,0,0,0,
1788926681.787654,16384,markwkm,0,37909,0,223082,1383169,16615974,396296,0,0,0,0,0,0,0,0,,0,0,2456.291,47.366,0,425,0,0,0,0,0,
1788926681.787654,1,template1,0,37230,0,220912,1332896,16476894,375242,0,0,0,0,0,0,0,0,,0,0,2511.996,2455.707,0,13,0,0,0,0,0,
1788926681.787654,4,template0,0,5750,0,31052,201271,2465735,56098,0,0,0,0,0,0,0,0,,0,0,0,0,0,0,0,0,0,0,0,
1788926681.787654,1985237,dbt5,53,162861162,3436508,380708266,349830428915,440234303789,320513895253,698092277,156696607,14202196,0,52,22056239104,0,0,,0,0,2658138184.175,1117153877.812,100294878.986,56028,113,0,0,0,0,
1788926681.787654,1928040,dbt5test,0,118058,13,27033188,1033654090,5422052231,2196693797,1171061198,575,2571,0,114,43941658624,0,0,,0,0,30527647.467,30489493.082,5524.955,555,0,6,0,2,2,
1788926741.927747,0,,0,0,0,103148,134915981,38357092,31427003,15,0,14,0,0,0,0,0,,0,0,0,0,0,0,0,0,0,0,0,
1788926741.927747,5,postgres,0,39194,0,236348,1401383,16515468,420636,0,0,0,0,0,0,0,0,,0,0,230366.095,227158.517,0,859,4,0,0,0,0,
1788926741.927747,16384,markwkm,0,37911,0,223082,1383242,16616859,396311,0,0,0,0,0,0,0,0,,0,0,2456.291,47.366,0,425,0,0,0,0,0,
1788926741.927747,1,template1,0,37232,0,220912,1332969,16477779,375257,0,0,0,0,0,0,0,0,,0,0,2511.996,2455.707,0,13,0,0,0,0,0,
1788926741.927747,4,template0,0,5752,0,31052,201344,2466620,56113,0,0,0,0,0,0,0,0,,0,0,0,0,0,0,0,0,0,0,0,
1788926741.927747,1985237,dbt5,59,162999761,3440055,381059098,350147121331,440625781314,320805124433,698190211,156833278,14214835,0,52,22056239104,0,0,,0,0,2660450134.543,1118527260.429,100458510.687,56069,113,0,0,0,0,
1788926741.927747,1928040,dbt5test,0,118060,13,27033188,1033654166,5422053345,2196693812,1171061198,575,2571,0,114,43941658624,0,0,,0,0,30527647.467,30489493.082,5524.955,555,0,6,0,2,2,
1788926802.077437,0,,0,0,0,103148,134917372,38357498,31427327,15,0,14,0,0,0,0,0,,0,0,0,0,0,0,0,0,0,0,0,
1788926802.077437,5,postgres,0,39196,0,236348,1401456,16516353,420651,0,0,0,0,0,0,0,0,,0,0,230366.095,227158.517,0,859,4,0,0,0,0,
1788926802.077437,16384,markwkm,0,37913,0,223082,1383315,16617744,396326,0,0,0,0,0,0,0,0,,0,0,2456.291,47.366,0,425,0,0,0,0,0,
1788926802.077437,1,template1,0,37234,0,220912,1333042,16478664,375272,0,0,0,0,0,0,0,0,,0,0,2511.996,2455.707,0,13,0,0,0,0,0,
1788926802.077437,4,template0,0,5754,0,31052,201417,2467505,56128,0,0,0,0,0,0,0,0,,0,0,0,0,0,0,0,0,0,0,0,
1788926802.077437,1985237,dbt5,52,163138971,3443648,381409542,350462443689,441015611796,321094795409,698289007,156971004,14227820,0,52,22056239104,0,0,,0,0,2662704791.699,1119901175.715,100624207.92,56121,113,0,0,0,0,
1788926802.077437,1928040,dbt5test,0,118062,13,27033188,1033654242,5422054459,2196693827,1171061198,575,2571,0,114,43941658624,0,0,,0,0,30527647.467,30489493.082,5524.955,555,0,6,0,2,2,
1788926862.225803,0,,0,0,0,103148,134918393,38357790,31427566,15,0,14,0,0,0,0,0,,0,0,0,0,0,0,0,0,0,0,0,
1788926862.225803,5,postgres,0,39198,0,236348,1401529,16517238,420666,0,0,0,0,0,0,0,0,,0,0,230366.095,227158.517,0,859,4,0,0,0,0,
1788926862.225803,16384,markwkm,0,37915,0,223082,1383388,16618629,396341,0,0,0,0,0,0,0,0,,0,0,2456.291,47.366,0,425,0,0,0,0,0,
1788926862.225803,1,template1,0,37236,0,220912,1333115,16479549,375287,0,0,0,0,0,0,0,0,,0,0,2511.996,2455.707,0,13,0,0,0,0,0,
1788926862.225803,4,template0,0,5756,0,31052,201490,2468390,56143,0,0,0,0,0,0,0,0,,0,0,0,0,0,0,0,0,0,0,0,
1788926862.225803,1985237,dbt5,48,163277852,3447005,381759151,350778588062,441406710075,321385384417,698386093,157106864,14240241,0,52,22056239104,0,0,,0,0,2665631568.616,1121276818.16,100787946.55,56158,113,0,0,0,0,
1788926862.225803,1928040,dbt5test,0,118064,13,27033188,1033654318,5422055573,2196693842,1171061198,575,2571,0,114,43941658624,0,0,,0,0,30527647.467,30489493.082,5524.955,555,0,6,0,2,2,
1788926922.340189,0,,0,0,0,103148,134919339,38358051,31427786,15,0,14,0,0,0,0,0,,0,0,0,0,0,0,0,0,0,0,0,
1788926922.340189,5,postgres,0,39200,0,236348,1401602,16518123,420681,0,0,0,0,0,0,0,0,,0,0,230366.095,227158.517,0,859,4,0,0,0,0,
1788926922.340189,16384,markwkm,0,37917,0,223082,1383461,16619514,396356,0,0,0,0,0,0,0,0,,0,0,2456.291,47.366,0,425,0,0,0,0,0,
1788926922.340189,1,template1,0,37238,0,220912,1333188,16480434,375302,0,0,0,0,0,0,0,0,,0,0,2511.996,2455.707,0,13,0,0,0,0,0,
1788926922.340189,4,template0,0,5758,0,31052,201563,2469275,56158,0,0,0,0,0,0,0,0,,0,0,0,0,0,0,0,0,0,0,0,
1788926922.340189,1985237,dbt5,52,163416257,3450758,382107373,351094020138,441796748342,321675132199,698483984,157243031,14253288,0,52,22056239104,0,0,,0,0,2667997206.29,1122651297.009,100953058.081,56193,113,0,0,0,0,
1788926922.340189,1928040,dbt5test,0,118066,13,27033188,1033654394,5422056687,2196693857,1171061198,575,2571,0,114,43941658624,0,0,,0,0,30527647.467,30489493.082,5524.955,555,0,6,0,2,2,
