Linux 6.12.94+deb13-cloud-amd64 (madrona) 	09/12/26 	_x86_64_	(16 CPU)

18:22:08        CPU     %user     %nice   %system   %iowait    %steal     %idle
18:23:08        all     36.59      0.00     23.71      8.17      0.00     31.53
18:24:08        all     58.07      0.00     32.57      6.27      0.00      3.10
18:25:08        all     63.21      0.00     29.26      3.63      0.00      3.90
18:26:08        all     60.35      0.00     30.04      6.25      0.00      3.36
18:27:08        all     64.28      0.00     28.05      3.77      0.00      3.90
18:28:08        all     58.98      0.00     28.62      9.31      0.00      3.08
18:29:08        all     64.46      0.00     27.83      3.84      0.00      3.87
18:30:08        all     63.25      0.00     28.52      4.53      0.00      3.70
18:31:08        all     64.37      0.00     27.71      3.85      0.00      4.08
18:32:08        all     61.57      0.00     28.43      6.65      0.00      3.35
18:33:08        all     60.49      0.00     27.70      8.52      0.00      3.29
18:34:08        all     64.58      0.00     27.66      3.91      0.00      3.84
18:35:08        all     64.53      0.00     27.58      3.90      0.00      4.00
18:36:08        all     63.35      0.00     28.64      4.39      0.00      3.62
18:37:08        all     61.03      0.00     27.74      7.95      0.00      3.28
18:38:08        all     64.31      0.00     27.83      4.10      0.00      3.75
18:39:08        all     64.52      0.00     27.40      4.23      0.00      3.85
18:40:08        all     62.17      0.00     29.16      5.14      0.00      3.53
18:41:08        all     58.08      0.00     27.22     11.71      0.00      2.99
18:42:08        all     64.62      0.00     27.63      3.78      0.00      3.97
18:43:08        all     64.93      0.00     27.25      3.87      0.00      3.95
18:44:08        all     63.71      0.00     28.31      4.27      0.00      3.72
18:45:08        all     61.37      0.00     28.42      6.92      0.00      3.29
18:46:08        all     65.03      0.00     27.32      3.77      0.00      3.88
18:47:08        all     59.78      0.00     28.54      8.62      0.00      3.07
18:48:08        all     64.33      0.00     27.71      4.21      0.00      3.75
18:49:08        all     63.32      0.00     28.58      4.35      0.00      3.75
18:50:08        all     64.87      0.00     27.44      3.82      0.00      3.87
18:51:08        all     60.77      0.00     28.12      7.93      0.00      3.18
18:52:08        all     64.84      0.00     27.42      3.81      0.00      3.93
18:53:08        all     61.56      0.00     29.01      6.05      0.00      3.38
18:54:08        all     59.44      0.00     27.18     10.04      0.00      3.33
18:55:08        all     60.99      0.00     26.85      8.62      0.00      3.54
18:56:08        all     64.81      0.00     27.44      3.93      0.00      3.81
18:57:08        all     63.48      0.00     28.50      4.39      0.00      3.63
18:58:08        all     64.93      0.00     27.39      3.76      0.00      3.92
18:59:08        all     61.69      0.00     28.47      6.47      0.00      3.37
19:00:08        all     59.67      0.00     28.21      9.04      0.00      3.08
19:01:08        all     65.04      0.00     27.35      3.66      0.00      3.95
19:02:08        all     64.48      0.00     27.64      4.09      0.00      3.79
19:03:08        all     63.52      0.00     28.54      4.29      0.00      3.65
19:04:08        all     59.63      0.00     27.45      9.79      0.00      3.13
19:05:08        all     64.73      0.00     27.64      3.75      0.00      3.88
19:06:08        all     64.87      0.00     27.23      3.97      0.00      3.93
19:07:08        all     63.52      0.00     28.45      4.32      0.00      3.71
19:08:08        all     62.26      0.00     28.31      5.83      0.00      3.61
19:09:08        all     63.33      0.00     27.87      5.15      0.00      3.64
19:10:08        all     60.25      0.00     28.33      8.34      0.00      3.09
19:11:08        all     64.86      0.00     27.40      3.92      0.00      3.83
19:12:08        all     64.77      0.00     27.40      3.89      0.00      3.94
19:13:08        all     63.47      0.00     28.47      4.39      0.00      3.67
19:14:08        all     62.20      0.00     28.26      6.08      0.00      3.45
19:15:08        all     65.02      0.00     27.30      3.74      0.00      3.94
19:16:08        all     61.47      0.00     28.11      7.20      0.00      3.23
19:17:08        all     64.06      0.00     27.59      4.65      0.00      3.70
19:18:08        all     61.61      0.00     29.02      5.95      0.00      3.41
19:19:08        all     60.79      0.00     28.73      7.37      0.00      3.11
19:20:08        all     64.98      0.00     27.31      3.79      0.00      3.92
19:21:08        all     64.57      0.00     27.59      3.97      0.00      3.87
19:22:08        all     63.47      0.00     28.38      4.32      0.00      3.83
19:23:08        all     63.92      0.00     27.63      4.84      0.00      3.62
