Linux 6.12.94+deb13-cloud-amd64 (madrona) 	09/08/26 	_x86_64_	(16 CPU)

07:16:01        CPU     %user     %nice   %system   %iowait    %steal     %idle
07:17:01        all     18.90      0.00      4.04      1.35      0.00     75.71
07:18:01        all     33.00      0.00      4.83      2.45      0.00     59.73
07:19:01        all     33.10      0.00      4.87      2.52      0.00     59.51
07:20:01        all     33.21      0.00      4.84      2.53      0.00     59.42
07:21:01        all     33.32      0.00      4.85      2.50      0.00     59.32
07:22:01        all     33.34      0.00      4.82      2.54      0.00     59.30
07:23:01        all     33.38      0.00      4.90      2.57      0.00     59.16
07:24:01        all     33.41      0.00      4.76      2.57      0.00     59.26
07:25:01        all     33.43      0.00      4.83      2.58      0.00     59.16
07:26:01        all     33.54      0.00      4.73      2.62      0.00     59.10
07:27:01        all     33.60      0.00      4.80      2.61      0.00     59.00
07:28:01        all     33.57      0.00      4.89      2.58      0.00     58.95
07:29:01        all     33.56      0.00      4.80      2.65      0.00     58.99
07:30:01        all     33.61      0.00      4.76      2.66      0.00     58.97
07:31:01        all     33.53      0.00      4.86      2.66      0.00     58.95
07:32:01        all     33.64      0.00      4.79      2.62      0.00     58.96
07:33:01        all     33.48      0.00      4.89      2.64      0.00     58.98
07:34:01        all     33.57      0.00      4.82      2.64      0.00     58.97
07:35:01        all     33.64      0.00      4.73      2.59      0.00     59.04
07:36:01        all     33.52      0.00      4.93      2.62      0.00     58.93
07:37:01        all     33.64      0.00      4.80      2.58      0.00     58.98
07:38:01        all     33.59      0.00      4.92      2.61      0.00     58.88
07:39:01        all     33.62      0.00      4.78      2.61      0.00     58.98
07:40:01        all     33.64      0.00      4.95      2.58      0.00     58.83
07:41:01        all     33.51      0.00      4.92      2.57      0.00     59.00
07:42:01        all     33.63      0.00      4.72      2.63      0.00     59.03
07:43:01        all     33.49      0.00      4.86      2.81      0.00     58.84
07:44:01        all     33.51      0.00      4.79      2.74      0.00     58.97
07:45:01        all     33.50      0.00      4.84      2.73      0.00     58.93
07:46:01        all     33.56      0.00      4.70      2.67      0.00     59.07
07:47:01        all     33.63      0.00      4.71      2.62      0.00     59.04
07:48:01        all     33.68      0.00      4.86      2.66      0.00     58.80
07:49:01        all     33.64      0.00      4.73      2.63      0.00     59.01
07:50:01        all     33.62      0.00      4.78      2.61      0.00     58.98
07:51:01        all     33.61      0.00      4.78      2.61      0.00     58.99
07:52:01        all     33.66      0.00      4.73      2.60      0.00     59.01
07:53:01        all     33.69      0.00      4.75      2.60      0.00     58.96
07:54:01        all     33.61      0.00      4.80      2.60      0.00     58.99
07:55:01        all     33.62      0.00      4.74      2.54      0.00     59.09
07:56:01        all     33.59      0.00      4.83      2.60      0.00     58.98
07:57:01        all     33.65      0.00      4.75      2.58      0.00     59.02
07:58:01        all     33.64      0.00      4.79      2.59      0.00     58.98
07:59:01        all     33.70      0.00      4.77      2.61      0.00     58.92
08:00:01        all     33.65      0.00      4.78      2.57      0.00     58.99
08:01:01        all     33.68      0.00      4.93      2.66      0.00     58.73
08:02:01        all     33.67      0.00      4.78      2.58      0.00     58.97
08:03:01        all     33.66      0.00      4.81      2.63      0.00     58.91
08:04:01        all     33.72      0.00      4.76      2.60      0.00     58.92
08:05:01        all     33.62      0.00      4.86      2.58      0.00     58.94
08:06:01        all     33.69      0.00      4.79      2.58      0.00     58.93
08:07:01        all     33.68      0.00      4.81      2.57      0.00     58.94
08:08:01        all     33.74      0.00      4.69      2.55      0.00     59.03
08:09:01        all     33.71      0.00      4.82      2.58      0.00     58.89
08:10:01        all     33.67      0.00      4.71      2.54      0.00     59.07
08:11:01        all     33.74      0.00      4.71      2.55      0.00     59.00
08:12:01        all     33.60      0.00      4.78      2.64      0.00     58.98
08:13:01        all     33.59      0.00      4.72      2.75      0.00     58.94
08:14:01        all     33.59      0.00      4.74      2.70      0.00     58.97
08:15:01        all     33.57      0.00      4.78      2.68      0.00     58.97
08:16:01        all     33.60      0.00      4.78      2.65      0.00     58.97
08:17:01        all     33.69      0.00      4.71      2.62      0.00     58.98
