Linux 6.12.94+deb13-cloud-amd64 (madrona) 	09/10/26 	_x86_64_	(16 CPU)

04:29:50        CPU     %user     %nice   %system   %iowait    %steal     %idle
04:30:50        all     39.92      0.00     22.08      7.36      0.00     30.64
04:31:50        all     64.49      0.00     29.15      2.98      0.00      3.38
04:32:50        all     64.38      0.00     28.71      3.41      0.00      3.50
04:33:50        all     65.60      0.00     27.17      3.44      0.00      3.79
04:34:50        all     63.46      0.00     28.59      4.12      0.00      3.83
04:35:50        all     65.00      0.00     27.28      3.69      0.00      4.03
04:36:50        all     63.31      0.00     28.53      4.26      0.00      3.91
04:37:50        all     65.22      0.00     26.98      3.72      0.00      4.08
04:38:50        all     64.11      0.00     27.51      4.22      0.00      4.15
04:39:50        all     65.36      0.00     26.83      3.85      0.00      3.96
04:40:50        all     64.14      0.00     28.02      3.95      0.00      3.89
04:41:50        all     65.10      0.00     26.98      3.93      0.00      3.99
04:42:50        all     64.07      0.00     27.94      4.09      0.00      3.90
04:43:50        all     65.27      0.00     26.89      3.86      0.00      3.98
04:44:50        all     63.93      0.00     28.11      4.11      0.00      3.85
04:45:50        all     65.30      0.00     26.83      3.93      0.00      3.95
04:46:50        all     65.45      0.00     26.59      3.85      0.00      4.11
04:47:50        all     63.96      0.00     27.79      4.14      0.00      4.11
04:48:50        all     65.41      0.00     26.60      3.94      0.00      4.05
04:49:50        all     63.77      0.00     28.30      4.17      0.00      3.76
04:50:50        all     65.50      0.00     26.63      3.88      0.00      3.99
04:51:50        all     63.72      0.00     27.99      4.36      0.00      3.93
04:52:51        all     65.41      0.00     26.72      3.83      0.00      4.03
04:53:51        all     63.64      0.00     28.22      4.36      0.00      3.77
04:54:51        all     65.60      0.00     26.61      3.79      0.00      4.00
04:55:51        all     65.39      0.00     26.51      4.03      0.00      4.07
04:56:51        all     64.43      0.00     27.49      4.09      0.00      3.99
04:57:51        all     65.52      0.00     26.69      3.78      0.00      4.00
04:58:51        all     63.58      0.00     27.53      4.14      0.00      4.75
04:59:51        all     65.69      0.00     26.65      3.70      0.00      3.96
05:00:51        all     64.10      0.00     27.94      4.10      0.00      3.85
05:01:51        all     65.29      0.00     26.77      3.80      0.00      4.14
05:02:51        all     63.77      0.00     28.04      4.21      0.00      3.98
05:03:51        all     65.30      0.00     26.87      3.76      0.00      4.07
05:04:51        all     64.41      0.00     27.65      4.03      0.00      3.91
05:05:51        all     65.20      0.00     26.89      3.89      0.00      4.02
05:06:51        all     65.42      0.00     26.67      3.87      0.00      4.03
05:07:51        all     63.97      0.00     27.96      4.22      0.00      3.85
05:08:51        all     65.55      0.00     26.61      3.78      0.00      4.07
05:09:51        all     64.19      0.00     27.76      4.15      0.00      3.89
05:10:51        all     65.26      0.00     26.89      3.78      0.00      4.08
05:11:51        all     65.23      0.00     26.77      4.04      0.00      3.96
05:12:51        all     64.22      0.00     27.97      3.91      0.00      3.90
05:13:51        all     65.54      0.00     26.59      3.83      0.00      4.04
05:14:51        all     64.07      0.00     27.95      4.13      0.00      3.85
05:15:51        all     65.66      0.00     26.49      3.76      0.00      4.09
05:16:51        all     64.02      0.00     27.80      4.21      0.00      3.97
05:17:51        all     65.24      0.00     26.78      3.86      0.00      4.13
05:18:51        all     63.93      0.31     27.79      4.08      0.00      3.88
05:19:51        all     65.41      0.00     26.72      3.78      0.00      4.08
05:20:51        all     63.72      0.00     28.15      4.24      0.00      3.88
05:21:51        all     65.52      0.00     26.72      3.74      0.00      4.02
05:22:51        all     63.83      0.00     28.21      4.14      0.00      3.82
05:23:51        all     65.56      0.00     26.63      3.78      0.00      4.03
05:24:51        all     64.15      0.00     27.71      4.23      0.00      3.91
05:25:51        all     65.35      0.00     26.74      3.91      0.00      4.00
05:26:51        all     65.44      0.00     26.57      3.94      0.00      4.05
05:27:51        all     65.61      0.00     26.50      3.81      0.00      4.08
05:28:51        all     64.55      0.00     27.52      4.02      0.00      3.91
05:29:51        all     65.83      0.00     26.31      3.85      0.00      4.01
05:30:51        all     64.02      0.00     28.06      4.06      0.00      3.86
