Linux 6.12.94+deb13-cloud-amd64 (madrona) 	09/09/26 	_x86_64_	(16 CPU)

03:07:40        CPU     %user     %nice   %system   %iowait    %steal     %idle
03:08:40        all     53.44      0.00      8.48      1.37      0.00     36.70
03:09:40        all     92.82      0.00      6.55      0.16      0.00      0.47
03:10:40        all     93.52      0.00      5.94      0.14      0.00      0.41
03:11:40        all     93.54      0.00      5.90      0.13      0.00      0.42
03:12:40        all     93.79      0.00      5.70      0.12      0.00      0.38
03:13:40        all     94.00      0.00      5.55      0.10      0.00      0.34
03:14:40        all     93.79      0.00      5.67      0.14      0.00      0.41
03:15:40        all     93.67      0.00      5.78      0.14      0.00      0.42
03:16:40        all     93.68      0.00      5.78      0.14      0.00      0.41
03:17:40        all     93.77      0.00      5.67      0.14      0.00      0.41
03:18:40        all     93.77      0.00      5.70      0.13      0.00      0.41
03:19:40        all     93.75      0.00      5.70      0.13      0.00      0.42
03:20:40        all     93.78      0.00      5.68      0.13      0.00      0.41
03:21:40        all     93.76      0.00      5.69      0.13      0.00      0.42
03:22:40        all     93.78      0.00      5.68      0.13      0.00      0.41
03:23:40        all     93.90      0.00      5.57      0.13      0.00      0.40
03:24:40        all     93.84      0.00      5.62      0.13      0.00      0.40
03:25:40        all     93.80      0.00      5.67      0.13      0.00      0.40
03:26:40        all     93.81      0.00      5.66      0.12      0.00      0.41
03:27:40        all     93.82      0.00      5.65      0.12      0.00      0.40
03:28:40        all     93.78      0.00      5.67      0.13      0.00      0.42
03:29:40        all     93.78      0.00      5.69      0.13      0.00      0.40
03:30:40        all     93.80      0.00      5.68      0.13      0.00      0.39
03:31:40        all     93.86      0.00      5.62      0.13      0.00      0.39
03:32:40        all     93.71      0.00      5.75      0.13      0.00      0.41
03:33:40        all     93.71      0.00      5.74      0.14      0.00      0.40
03:34:40        all     93.77      0.00      5.69      0.15      0.00      0.39
03:35:40        all     93.70      0.00      5.76      0.17      0.00      0.37
03:36:40        all     93.73      0.00      5.71      0.18      0.00      0.38
03:37:40        all     93.64      0.00      5.79      0.17      0.00      0.40
03:38:40        all     93.70      0.00      5.75      0.16      0.00      0.39
03:39:40        all     93.63      0.00      5.82      0.15      0.00      0.40
03:40:40        all     93.77      0.00      5.71      0.14      0.00      0.38
03:41:40        all     93.79      0.00      5.67      0.14      0.00      0.40
03:42:40        all     93.58      0.00      5.83      0.15      0.00      0.45
03:43:40        all     93.53      0.00      5.85      0.18      0.00      0.43
03:44:40        all     93.57      0.00      5.86      0.17      0.00      0.41
03:45:40        all     93.47      0.00      5.95      0.19      0.00      0.40
03:46:40        all     93.62      0.00      5.81      0.19      0.00      0.38
03:47:40        all     93.57      0.00      5.88      0.20      0.00      0.36
03:48:40        all     93.51      0.00      5.91      0.21      0.00      0.38
03:49:40        all     93.48      0.00      5.93      0.20      0.00      0.38
03:50:40        all     93.51      0.00      5.90      0.20      0.00      0.39
03:51:40        all     93.47      0.00      5.98      0.18      0.00      0.37
03:52:40        all     93.57      0.00      5.87      0.18      0.00      0.38
03:53:40        all     93.59      0.00      5.89      0.17      0.00      0.36
03:54:40        all     93.55      0.00      5.88      0.18      0.00      0.39
03:55:40        all     93.62      0.00      5.82      0.18      0.00      0.38
03:56:40        all     93.59      0.00      5.85      0.18      0.00      0.38
03:57:40        all     93.56      0.00      5.89      0.17      0.00      0.38
03:58:40        all     93.64      0.00      5.81      0.16      0.00      0.38
03:59:40        all     93.67      0.00      5.81      0.14      0.00      0.38
04:00:40        all     93.56      0.00      5.90      0.15      0.00      0.39
04:01:40        all     93.66      0.00      5.79      0.14      0.00      0.40
04:02:40        all     93.71      0.00      5.76      0.14      0.00      0.39
04:03:40        all     93.69      0.00      5.77      0.14      0.00      0.39
04:04:40        all     93.72      0.00      5.75      0.15      0.00      0.38
04:05:40        all     93.81      0.00      5.65      0.15      0.00      0.39
04:06:40        all     93.73      0.00      5.74      0.15      0.00      0.39
04:07:40        all     93.66      0.00      5.81      0.14      0.00      0.39
04:08:40        all     93.73      0.00      5.70      0.15      0.00      0.42
