Linux 6.12.94+deb13-cloud-amd64 (madrona) 	09/12/26 	_x86_64_	(16 CPU)

15:14:49        CPU     %user     %nice   %system   %iowait    %steal     %idle
15:15:49        all     33.76      0.00     21.75      9.23      0.00     35.26
15:16:49        all     36.30      0.00     23.73     37.57      0.00      2.40
15:17:49        all     62.22      0.00     29.24      4.84      0.00      3.70
15:18:49        all     63.05      0.00     27.95      5.35      0.00      3.65
15:19:49        all     60.18      0.00     28.94      7.43      0.00      3.46
15:20:49        all     50.79      0.00     25.49     21.01      0.00      2.71
15:21:49        all     63.15      0.00     28.02      5.10      0.00      3.73
15:22:49        all     61.72      0.00     28.14      6.64      0.00      3.49
15:23:49        all     62.58      0.00     27.66      6.05      0.00      3.72
15:24:49        all     43.06      0.00     22.46     31.75      0.00      2.73
15:25:49        all     63.10      0.00     27.99      5.20      0.00      3.71
15:26:49        all     61.44      0.00     28.21      6.98      0.00      3.37
15:27:49        all     63.16      0.00     27.59      5.61      0.00      3.64
15:28:49        all     40.24      0.00     21.07     35.72      0.00      2.97
15:29:49        all     63.38      0.00     27.67      5.23      0.00      3.73
15:30:49        all     61.43      0.00     28.19      7.01      0.00      3.37
15:31:49        all     63.13      0.00     27.56      5.70      0.00      3.61
15:32:49        all     48.79      0.00     23.98     24.41      0.00      2.82
15:33:49        all     63.33      0.00     27.48      5.49      0.00      3.70
15:34:49        all     60.62      0.00     28.42      7.61      0.00      3.35
15:35:49        all     61.26      0.00     26.90      8.46      0.00      3.38
15:36:49        all     49.64      0.00     24.15     22.98      0.00      3.23
15:37:49        all     63.40      0.00     27.40      5.56      0.00      3.65
15:38:49        all     60.90      0.00     28.52      7.25      0.00      3.32
15:39:49        all     57.29      0.00     26.14     13.43      0.00      3.14
15:40:49        all     55.59      0.00     25.66     15.36      0.00      3.40
15:41:49        all     63.84      0.00     27.29      5.16      0.00      3.71
15:42:49        all     60.66      0.00     28.45      7.47      0.00      3.41
15:43:49        all     47.22      0.00     22.99     26.83      0.00      2.96
15:44:49        all     59.04      0.00     27.00     10.26      0.00      3.70
15:45:49        all     63.61      0.00     27.42      5.19      0.00      3.79
15:46:49        all     61.06      0.00     28.37      7.18      0.00      3.40
15:47:49        all     49.64      0.00     24.18     23.43      0.00      2.75
15:48:49        all     63.17      0.00     28.03      5.02      0.00      3.79
15:49:49        all     63.67      0.00     27.22      5.35      0.00      3.76
15:50:49        all     61.05      0.00     28.34      7.21      0.00      3.41
15:51:49        all     50.76      0.00     24.59     21.83      0.00      2.82
15:52:49        all     63.76      0.00     27.60      4.97      0.00      3.67
15:53:49        all     63.91      0.00     27.27      5.06      0.00      3.76
15:54:49        all     61.61      0.00     28.30      6.65      0.00      3.44
15:55:49        all     47.81      0.00     23.54     25.96      0.00      2.68
15:56:49        all     63.56      0.00     27.95      4.79      0.00      3.69
15:57:49        all     63.68      0.00     27.30      5.12      0.00      3.90
15:58:49        all     61.20      0.00     28.41      7.00      0.00      3.39
15:59:49        all     52.58      0.00     25.38     19.30      0.00      2.74
16:00:49        all     63.49      0.00     27.65      5.07      0.00      3.79
16:01:49        all     63.89      0.00     27.07      5.31      0.00      3.73
16:02:49        all     61.47      0.00     28.31      6.68      0.00      3.53
16:03:49        all     47.55      0.00     23.69     25.95      0.00      2.81
16:04:49        all     63.53      0.00     27.59      5.25      0.00      3.63
16:05:49        all     61.72      0.00     28.38      6.34      0.00      3.55
16:06:49        all     62.85      0.00     27.37      6.03      0.00      3.75
16:07:49        all     50.95      0.00     24.98     21.39      0.00      2.68
16:08:49        all     63.58      0.00     27.54      5.15      0.00      3.74
16:09:49        all     60.84      0.00     28.12      7.45      0.00      3.59
16:10:49        all     61.35      0.00     27.28      7.87      0.00      3.50
16:11:49        all     47.92      0.00     23.43     25.59      0.00      3.05
16:12:49        all     63.70      0.00     27.25      5.37      0.00      3.69
16:13:49        all     61.74      0.00     28.14      6.74      0.00      3.39
16:14:49        all     63.63      0.00     27.27      5.32      0.00      3.77
16:15:49        all     52.41      0.00     25.37     19.31      0.00      2.91
