Linux 6.12.94+deb13-cloud-amd64 (madrona) 	09/08/26 	_x86_64_	(16 CPU)

08:18:25        CPU     %user     %nice   %system   %iowait    %steal     %idle
08:19:25        all     21.91      0.00      4.39      1.46      0.00     72.24
08:20:25        all     39.09      0.00      5.44      2.62      0.00     52.85
08:21:25        all     39.29      0.00      5.25      2.67      0.00     52.79
08:22:25        all     39.41      0.00      5.23      2.73      0.00     52.62
08:23:25        all     39.39      0.00      5.26      2.74      0.00     52.61
08:24:25        all     39.48      0.00      5.26      2.77      0.00     52.49
08:25:25        all     39.50      0.00      5.25      2.77      0.00     52.48
08:26:25        all     39.51      0.00      5.37      2.80      0.00     52.31
08:27:25        all     39.65      0.00      5.21      2.81      0.00     52.34
08:28:25        all     39.60      0.00      5.29      2.83      0.00     52.29
08:29:25        all     39.65      0.00      5.28      2.84      0.00     52.22
08:30:25        all     39.72      0.00      5.24      2.89      0.00     52.14
08:31:25        all     39.72      0.00      5.24      2.85      0.00     52.19
08:32:25        all     39.77      0.00      5.17      2.84      0.00     52.23
08:33:25        all     39.78      0.00      5.20      2.89      0.00     52.13
08:34:25        all     39.77      0.00      5.42      2.88      0.00     51.93
08:35:25        all     39.64      0.00      5.33      2.85      0.00     52.18
08:36:25        all     39.66      0.00      5.29      2.85      0.00     52.19
08:37:25        all     39.69      0.00      5.37      2.90      0.00     52.04
08:38:25        all     39.67      0.00      5.27      2.91      0.00     52.14
08:39:25        all     39.79      0.00      5.34      2.90      0.00     51.97
08:40:25        all     39.70      0.00      5.28      2.85      0.00     52.17
08:41:25        all     39.76      0.00      5.24      2.84      0.00     52.16
08:42:25        all     39.49      0.00      5.31      3.07      0.00     52.12
08:43:25        all     39.52      0.00      5.26      3.06      0.00     52.17
08:44:25        all     39.66      0.00      5.15      3.02      0.00     52.16
08:45:25        all     39.67      0.00      5.25      2.98      0.00     52.10
08:46:25        all     39.68      0.00      5.21      2.98      0.00     52.12
08:47:25        all     39.68      0.00      5.23      2.93      0.00     52.15
08:48:25        all     39.74      0.00      5.24      2.95      0.00     52.07
08:49:25        all     39.74      0.00      5.19      2.97      0.00     52.09
08:50:25        all     39.64      0.00      5.32      2.90      0.00     52.14
08:51:25        all     39.70      0.00      5.23      2.88      0.00     52.20
08:52:25        all     39.75      0.00      5.21      2.90      0.00     52.14
08:53:25        all     39.72      0.00      5.30      2.94      0.00     52.03
08:54:25        all     39.64      0.00      5.19      2.86      0.00     52.31
08:55:25        all     39.72      0.00      5.26      2.87      0.00     52.14
08:56:25        all     39.79      0.00      5.21      2.85      0.00     52.14
08:57:25        all     39.72      0.00      5.24      2.88      0.00     52.16
08:58:25        all     39.76      0.00      5.21      2.89      0.00     52.14
08:59:25        all     39.71      0.00      5.24      2.89      0.00     52.15
09:00:25        all     39.79      0.00      5.17      2.87      0.00     52.16
09:01:25        all     39.82      0.00      5.18      2.83      0.00     52.16
09:02:25        all     39.78      0.00      5.18      2.86      0.00     52.18
09:03:25        all     39.74      0.00      5.25      2.88      0.00     52.13
09:04:25        all     39.74      0.00      5.24      2.84      0.00     52.17
09:05:25        all     39.82      0.00      5.19      2.83      0.00     52.16
09:06:25        all     39.74      0.00      5.25      2.85      0.00     52.16
09:07:25        all     39.79      0.00      5.21      2.83      0.00     52.17
09:08:25        all     39.78      0.00      5.26      2.85      0.00     52.11
09:09:25        all     39.77      0.00      5.33      2.84      0.00     52.06
09:10:25        all     39.72      0.00      5.30      2.82      0.00     52.16
09:11:25        all     39.85      0.00      5.16      2.82      0.00     52.16
09:12:25        all     39.61      0.00      5.20      3.03      0.00     52.16
09:13:25        all     39.57      0.00      5.17      3.00      0.00     52.26
09:14:25        all     39.63      0.00      5.20      2.99      0.00     52.18
09:15:25        all     39.77      0.00      5.16      2.97      0.00     52.10
09:16:25        all     39.69      0.00      5.20      2.95      0.00     52.16
09:17:25        all     39.65      0.00      5.24      2.94      0.00     52.18
09:18:25        all     39.62      0.00      5.26      2.94      0.00     52.18
09:19:25        all     39.72      0.00      5.16      2.94      0.00     52.18
