Linux 6.12.94+deb13-cloud-amd64 (madrona) 	09/12/26 	_x86_64_	(16 CPU)

04:03:24        CPU     %user     %nice   %system   %iowait    %steal     %idle
04:04:24        all     35.07      0.00     25.26     12.44      0.00     27.23
04:05:24        all     39.84      0.00     27.01     31.42      0.00      1.74
04:06:24        all     58.99      0.00     32.74      5.42      0.00      2.85
04:07:24        all     37.87      0.00     23.15     37.33      0.00      1.65
04:08:24        all     60.24      0.00     31.40      5.51      0.00      2.86
04:09:24        all     41.69      0.00     24.15     32.28      0.00      1.88
04:10:24        all     60.94      0.00     30.74      5.32      0.00      3.00
04:11:24        all     38.78      0.00     22.36     36.96      0.00      1.91
04:12:24        all     56.27      0.00     28.21     12.99      0.00      2.53
04:13:24        all     40.58      0.00     23.34     33.88      0.00      2.20
04:14:24        all     55.50      0.00     28.34     13.81      0.00      2.35
04:15:24        all     43.55      0.00     24.42     29.94      0.00      2.10
04:16:24        all     52.53      0.00     27.20     17.93      0.00      2.34
04:17:24        all     47.40      0.00     25.49     24.78      0.00      2.33
04:18:24        all     49.63      0.00     25.92     22.24      0.00      2.21
04:19:24        all     52.73      0.00     27.63     17.11      0.00      2.54
04:20:24        all     43.22      0.00     23.40     31.42      0.00      1.96
04:21:24        all     58.94      0.00     29.79      8.45      0.00      2.81
04:22:24        all     43.72      0.00     23.89     30.33      0.00      2.06
04:23:24        all     61.69      0.00     29.81      5.46      0.00      3.04
04:24:24        all     33.40      0.00     20.51     44.43      0.00      1.67
04:25:24        all     59.59      0.00     29.32      8.46      0.00      2.63
04:26:24        all     39.60      0.00     22.59     35.94      0.00      1.87
04:27:24        all     61.07      0.00     29.92      6.04      0.00      2.97
04:28:24        all     39.00      0.00     22.19     36.78      0.00      2.03
04:29:24        all     61.56      0.00     29.55      6.04      0.00      2.85
04:30:24        all     44.31      0.00     24.34     29.14      0.00      2.22
04:31:24        all     52.23      0.00     26.44     18.94      0.00      2.40
04:32:24        all     47.97      0.00     25.59     24.11      0.00      2.34
04:33:24        all     46.04      0.00     24.09     27.82      0.00      2.05
04:34:24        all     53.19      0.00     27.68     16.70      0.00      2.43
04:35:24        all     46.70      0.00     24.57     26.64      0.00      2.09
04:36:24        all     57.25      0.00     29.19     10.81      0.00      2.74
04:37:24        all     43.26      0.00     23.70     31.10      0.00      1.94
04:38:24        all     61.88      0.00     29.93      5.14      0.00      3.05
04:39:24        all     37.68      0.00     22.20     38.29      0.00      1.83
04:40:24        all     61.36      0.00     30.18      5.60      0.00      2.86
04:41:24        all     40.80      0.00     23.13     34.15      0.00      1.91
04:42:24        all     54.16      0.00     27.68     15.72      0.00      2.43
04:43:24        all     42.96      0.00     23.97     30.78      0.00      2.30
04:44:24        all     56.40      0.00     28.42     12.75      0.00      2.42
04:45:24        all     45.88      0.00     25.09     26.77      0.00      2.26
04:46:24        all     54.01      0.00     27.50     16.26      0.00      2.23
04:47:24        all     48.66      0.00     25.61     23.26      0.00      2.48
04:48:24        all     45.65      0.00     24.25     28.19      0.00      1.91
04:49:24        all     54.96      0.00     28.50     13.95      0.00      2.59
04:50:24        all     43.88      0.00     23.60     30.53      0.00      1.99
04:51:24        all     60.11      0.00     29.99      6.96      0.00      2.93
04:52:24        all     35.22      0.00     20.63     42.59      0.00      1.57
04:53:24        all     59.34      0.00     30.32      7.69      0.00      2.65
04:54:24        all     39.61      0.00     22.71     36.02      0.00      1.66
04:55:24        all     60.73      0.00     30.59      5.80      0.00      2.88
04:56:24        all     38.50      0.00     21.74     37.98      0.00      1.78
04:57:24        all     61.28      0.00     30.22      5.59      0.00      2.91
04:58:24        all     38.56      0.00     22.06     37.33      0.00      2.05
04:59:24        all     59.75      0.00     29.58      7.95      0.00      2.73
05:00:24        all     41.07      0.00     22.76     34.16      0.00      2.01
05:01:24        all     50.96      0.00     26.20     20.56      0.00      2.28
05:02:24        all     43.23      0.00     24.05     30.47      0.00      2.25
05:03:24        all     58.86      0.00     29.16      9.49      0.00      2.49
05:04:24        all     46.30      0.00     25.59     25.89      0.00      2.22
