Linux 6.12.94+deb13-cloud-amd64 (madrona) 	09/10/26 	_x86_64_	(16 CPU)

03:26:37        CPU     %user     %nice   %system   %iowait    %steal     %idle
03:27:37        all     34.09      0.00     22.23      9.15      0.00     34.52
03:28:37        all     62.07      0.00     30.29      3.78      0.00      3.86
03:29:37        all     64.17      0.00     27.68      4.18      0.00      3.97
03:30:37        all     63.06      0.00     28.88      4.24      0.00      3.81
03:31:37        all     65.00      0.00     26.86      4.03      0.00      4.11
03:32:37        all     63.38      0.00     28.40      4.40      0.00      3.83
03:33:37        all     64.78      0.00     26.91      4.31      0.00      4.01
03:34:37        all     64.10      0.00     27.81      4.23      0.00      3.86
03:35:37        all     63.79      0.00     27.74      4.68      0.00      3.78
03:36:37        all     65.30      0.00     26.59      4.04      0.00      4.07
03:37:37        all     63.62      0.00     27.75      4.82      0.00      3.81
03:38:37        all     65.28      0.00     26.50      4.17      0.00      4.05
03:39:37        all     65.18      0.00     26.52      4.23      0.00      4.07
03:40:37        all     65.54      0.00     26.29      4.09      0.00      4.09
03:41:37        all     64.30      0.00     27.32      4.41      0.00      3.97
03:42:37        all     65.21      0.00     26.61      4.07      0.00      4.10
03:43:37        all     63.68      0.00     27.89      4.51      0.00      3.93
03:44:37        all     65.61      0.00     26.29      4.09      0.00      4.01
03:45:37        all     63.82      0.00     27.67      4.67      0.00      3.85
03:46:37        all     65.54      0.00     26.39      4.04      0.00      4.03
03:47:37        all     63.49      0.00     27.74      4.93      0.00      3.83
03:48:37        all     65.32      0.00     26.53      4.16      0.00      3.99
03:49:37        all     63.21      0.00     28.11      4.90      0.00      3.77
03:50:37        all     65.33      0.00     26.44      4.18      0.00      4.05
03:51:37        all     63.18      0.00     28.02      5.01      0.00      3.79
03:52:37        all     65.40      0.00     26.52      4.03      0.00      4.05
03:53:37        all     64.05      0.00     27.22      4.96      0.00      3.77
03:54:37        all     65.13      0.00     26.63      4.21      0.00      4.03
03:55:37        all     65.41      0.00     26.20      4.34      0.00      4.05
03:56:37        all     64.32      0.00     27.51      4.31      0.00      3.85
03:57:37        all     65.29      0.00     26.47      4.16      0.00      4.08
03:58:37        all     63.80      0.00     27.79      4.67      0.00      3.73
03:59:37        all     65.34      0.00     26.53      4.00      0.00      4.12
04:00:37        all     63.99      0.00     27.51      4.63      0.00      3.87
04:01:37        all     65.17      0.00     26.73      4.03      0.00      4.07
04:02:37        all     63.65      0.00     27.76      4.72      0.00      3.87
04:03:37        all     65.02      0.00     26.70      4.19      0.00      4.09
04:04:37        all     65.40      0.00     26.32      4.28      0.00      4.01
04:05:37        all     64.14      0.00     27.23      4.38      0.00      4.24
04:06:37        all     65.34      0.00     26.40      4.20      0.00      4.05
04:07:37        all     64.17      0.00     27.54      4.47      0.00      3.82
04:08:37        all     65.33      0.00     26.53      4.07      0.00      4.08
04:09:37        all     65.42      0.00     26.25      4.35      0.00      3.98
04:10:37        all     64.18      0.00     27.61      4.29      0.00      3.92
04:11:37        all     65.37      0.00     26.43      4.25      0.00      3.95
04:12:37        all     64.12      0.00     27.53      4.45      0.00      3.89
04:13:37        all     65.30      0.00     26.55      4.12      0.00      4.03
04:14:37        all     65.57      0.00     26.20      4.15      0.00      4.08
04:15:37        all     64.54      0.00     27.20      4.24      0.00      4.01
04:16:37        all     65.27      0.00     26.52      4.15      0.00      4.07
04:17:37        all     63.85      0.00     27.90      4.32      0.00      3.93
04:18:37        all     65.25      0.00     26.60      4.19      0.00      3.95
04:19:37        all     65.28      0.00     26.39      4.34      0.00      3.98
04:20:37        all     63.75      0.00     27.85      4.52      0.00      3.88
04:21:37        all     65.29      0.00     26.34      4.38      0.00      3.98
04:22:37        all     64.26      0.00     27.42      4.43      0.00      3.89
04:23:37        all     65.37      0.00     26.38      4.15      0.00      4.09
04:24:37        all     65.28      0.00     26.45      4.24      0.00      4.04
04:25:37        all     64.00      0.00     27.63      4.46      0.00      3.91
04:26:37        all     65.40      0.00     26.47      4.13      0.00      4.00
04:27:37        all     63.74      0.00     27.90      4.47      0.00      3.89
