Linux 6.12.94+deb13-cloud-amd64 (madrona) 	09/12/26 	_x86_64_	(16 CPU)

08:44:25        CPU     %user     %nice   %system   %iowait    %steal     %idle
08:45:25        all     21.39      0.00     18.83     26.06      0.00     33.72
08:46:25        all     32.97      0.00     25.25     39.02      0.00      2.75
08:47:25        all     33.30      0.00     22.96     41.22      0.00      2.52
08:48:25        all     39.80      0.00     25.18     32.42      0.00      2.59
08:49:25        all     49.68      0.00     28.78     19.35      0.00      2.19
08:50:25        all     48.60      0.00     28.86     20.27      0.00      2.26
08:51:25        all     57.77      0.00     29.74      9.94      0.00      2.56
08:52:25        all     60.99      0.00     29.17      6.65      0.00      3.19
08:53:25        all     59.47      0.00     29.16      7.96      0.00      3.41
08:54:25        all     63.38      0.00     27.76      5.24      0.00      3.63
08:55:25        all     61.65      0.00     28.96      5.75      0.00      3.64
08:56:25        all     63.91      0.00     27.47      4.55      0.00      4.07
08:57:25        all     62.11      0.00     28.22      6.05      0.00      3.62
08:58:25        all     64.22      0.00     27.34      4.54      0.00      3.90
08:59:25        all     62.99      0.00     28.48      4.69      0.00      3.84
09:00:25        all     58.07      0.00     26.14     12.38      0.00      3.40
09:01:25        all     61.62      0.00     27.14      7.47      0.00      3.77
09:02:25        all     63.86      0.00     27.64      4.55      0.00      3.95
09:03:25        all     62.47      0.00     28.25      5.55      0.00      3.73
09:04:25        all     58.38      0.00     27.06     11.42      0.00      3.15
09:05:25        all     64.16      0.00     27.61      4.36      0.00      3.88
09:06:25        all     64.40      0.00     27.37      4.13      0.00      4.11
09:07:25        all     62.96      0.00     28.17      5.20      0.00      3.66
09:08:25        all     55.65      0.00     25.89     15.31      0.00      3.15
09:09:25        all     64.40      0.00     27.43      4.20      0.00      3.97
09:10:25        all     64.63      0.00     26.89      4.37      0.00      4.11
09:11:25        all     62.67      0.00     28.50      5.03      0.00      3.79
09:12:25        all     57.74      0.00     27.03     11.98      0.00      3.25
09:13:25        all     64.33      0.00     27.38      4.31      0.00      3.98
09:14:25        all     64.83      0.00     26.88      4.26      0.00      4.03
09:15:25        all     63.18      0.00     28.35      4.61      0.00      3.85
09:16:25        all     55.15      0.00     26.03     15.89      0.00      2.93
09:17:25        all     64.54      0.00     27.25      4.11      0.00      4.09
09:18:25        all     64.73      0.00     26.88      4.30      0.00      4.10
09:19:25        all     62.88      0.00     28.18      4.95      0.00      3.99
09:20:25        all     52.99      0.00     24.93     19.13      0.00      2.95
09:21:25        all     64.38      0.00     27.31      4.24      0.00      4.07
09:22:25        all     64.61      0.00     27.08      4.29      0.00      4.01
09:23:25        all     63.10      0.00     28.11      4.95      0.00      3.85
09:24:25        all     58.61      0.00     26.92     11.31      0.00      3.16
09:25:25        all     64.31      0.00     27.54      4.21      0.00      3.94
09:26:25        all     64.76      0.00     27.05      4.19      0.00      4.01
09:27:25        all     63.13      0.00     28.23      4.85      0.00      3.78
09:28:25        all     58.22      0.00     26.74     11.69      0.00      3.35
09:29:25        all     64.30      0.00     27.53      4.20      0.00      3.96
09:30:25        all     64.60      0.00     27.07      4.35      0.00      3.99
09:31:25        all     63.11      0.00     28.17      4.82      0.00      3.90
09:32:25        all     59.19      0.00     26.95     10.59      0.00      3.27
09:33:25        all     64.61      0.00     27.22      4.14      0.00      4.03
09:34:25        all     64.58      0.00     27.04      4.35      0.00      4.03
09:35:25        all     62.98      0.00     28.51      4.72      0.00      3.79
09:36:25        all     55.34      0.00     25.79     15.76      0.00      3.12
09:37:25        all     64.61      0.00     27.20      4.22      0.00      3.98
09:38:25        all     64.83      0.00     26.91      4.19      0.00      4.08
09:39:25        all     63.42      0.00     28.04      4.79      0.00      3.75
09:40:25        all     54.86      0.00     25.60     16.48      0.00      3.06
09:41:25        all     64.02      0.00     27.69      4.21      0.00      4.07
09:42:25        all     64.59      0.00     27.05      4.36      0.00      4.01
09:43:25        all     63.16      0.00     28.27      4.82      0.00      3.76
09:44:25        all     53.26      0.00     24.67     18.87      0.00      3.20
09:45:25        all     64.09      0.00     27.79      4.13      0.00      3.99
