Linux 6.12.94+deb13-cloud-amd64 (madrona) 	09/12/26 	_x86_64_	(16 CPU)

16:17:15        CPU     %user     %nice   %system   %iowait    %steal     %idle
16:18:15        all     34.67      0.00     22.86      8.95      0.00     33.52
16:19:15        all     60.77      0.00     31.81      3.54      0.00      3.87
16:20:15        all     60.92      0.00     30.49      5.02      0.00      3.56
16:21:15        all     52.37      0.00     26.85     17.93      0.00      2.85
16:22:15        all     63.49      0.00     28.82      3.80      0.00      3.89
16:23:15        all     63.83      0.00     28.20      4.02      0.00      3.95
16:24:15        all     62.24      0.00     29.43      4.75      0.00      3.57
16:25:15        all     51.59      0.00     25.73     19.87      0.00      2.81
16:26:15        all     63.88      0.00     28.26      3.93      0.00      3.92
16:27:15        all     64.25      0.00     27.72      3.98      0.00      4.04
16:28:15        all     61.83      0.00     29.15      5.43      0.00      3.58
16:29:15        all     52.92      0.00     25.70     18.50      0.00      2.88
16:30:15        all     64.08      0.00     28.12      3.90      0.00      3.90
16:31:15        all     64.12      0.00     27.74      4.24      0.00      3.90
16:32:15        all     62.47      0.00     29.16      4.70      0.00      3.67
16:33:15        all     47.43      0.00     24.19     25.74      0.00      2.64
16:34:15        all     64.04      0.00     28.06      4.07      0.00      3.83
16:35:15        all     62.93      0.00     28.39      4.93      0.00      3.75
16:36:15        all     64.09      0.00     27.66      4.37      0.00      3.88
16:37:15        all     53.73      0.00     25.90     17.44      0.00      2.94
16:38:15        all     64.41      0.00     27.51      4.04      0.00      4.04
16:39:15        all     63.38      0.00     28.12      4.68      0.00      3.82
16:40:15        all     64.02      0.00     27.71      4.38      0.00      3.89
16:41:15        all     53.38      0.00     25.98     17.76      0.00      2.88
16:42:15        all     64.31      0.00     27.49      4.22      0.00      3.98
16:43:15        all     62.97      0.00     28.27      4.94      0.00      3.82
16:44:15        all     64.43      0.00     27.55      4.12      0.00      3.91
16:45:15        all     53.90      0.00     25.98     17.28      0.00      2.84
16:46:15        all     64.17      0.00     27.73      4.15      0.00      3.96
16:47:15        all     62.16      0.00     28.80      5.44      0.00      3.59
16:48:15        all     64.08      0.00     27.51      4.63      0.00      3.78
16:49:15        all     54.60      0.00     25.88     16.45      0.00      3.08
16:50:15        all     64.16      0.00     27.63      4.27      0.00      3.95
16:51:15        all     62.30      0.00     28.72      5.37      0.00      3.61
16:52:15        all     56.01      0.00     26.19     14.64      0.00      3.16
16:53:15        all     61.30      0.00     27.14      7.79      0.00      3.77
16:54:15        all     64.38      0.00     27.51      4.21      0.00      3.90
16:55:15        all     62.70      0.00     28.47      5.24      0.00      3.59
16:56:15        all     53.84      0.00     25.38     17.84      0.00      2.93
16:57:15        all     64.65      0.00     27.61      3.86      0.00      3.88
16:58:15        all     64.25      0.00     27.74      3.99      0.00      4.03
16:59:15        all     62.73      0.00     28.57      5.09      0.00      3.60
17:00:15        all     56.19      0.00     26.45     14.33      0.00      3.03
17:01:15        all     64.04      0.00     28.16      3.89      0.00      3.91
17:02:15        all     64.64      0.00     27.46      3.98      0.00      3.91
17:03:15        all     62.42      0.00     28.75      5.18      0.00      3.65
17:04:15        all     46.32      0.00     23.32     27.74      0.00      2.62
17:05:15        all     64.15      0.00     28.05      3.90      0.00      3.91
17:06:15        all     64.53      0.00     27.27      4.18      0.00      4.03
17:07:15        all     62.49      0.00     28.67      5.22      0.00      3.61
17:08:15        all     55.84      0.00     26.40     14.76      0.00      3.00
17:09:15        all     64.16      0.00     27.97      3.94      0.00      3.94
17:10:15        all     63.38      0.00     27.97      4.82      0.00      3.82
17:11:15        all     63.41      0.00     28.27      4.42      0.00      3.89
17:12:15        all     52.07      0.00     25.28     19.76      0.00      2.89
17:13:15        all     64.46      0.00     27.63      4.04      0.00      3.87
17:14:15        all     64.23      0.00     27.53      4.39      0.00      3.85
17:15:15        all     63.53      0.00     28.38      4.24      0.00      3.85
17:16:15        all     52.42      0.00     25.60     19.12      0.00      2.86
17:17:15        all     64.29      0.00     27.68      4.07      0.00      3.95
17:18:15        all     62.80      0.00     28.40      5.05      0.00      3.75
