Linux 6.12.94+deb13-cloud-amd64 (madrona) 	09/12/26 	_x86_64_	(16 CPU)

10:49:23        CPU     %user     %nice   %system   %iowait    %steal     %idle
10:50:23        all     34.61      0.00     23.68      9.51      0.00     32.20
10:51:23        all     60.92      0.00     31.77      3.45      0.00      3.86
10:52:23        all     61.19      0.00     29.72      5.51      0.00      3.58
10:53:23        all     63.70      0.00     28.31      4.14      0.00      3.85
10:54:23        all     61.33      0.00     29.85      5.17      0.00      3.64
10:55:23        all     63.74      0.00     28.14      4.17      0.00      3.95
10:56:23        all     63.57      0.00     28.40      4.18      0.00      3.84
10:57:23        all     64.22      0.00     27.85      3.90      0.00      4.03
10:58:23        all     61.41      0.00     28.42      6.59      0.00      3.58
10:59:23        all     64.52      0.00     27.50      3.96      0.00      4.02
11:00:23        all     64.84      0.00     27.25      3.89      0.00      4.03
11:01:23        all     63.39      0.00     28.54      4.14      0.00      3.93
11:02:23        all     61.74      0.00     28.09      6.72      0.00      3.45
11:03:23        all     64.47      0.00     27.66      3.73      0.00      4.14
11:04:23        all     64.78      0.00     27.19      4.00      0.00      4.03
11:05:23        all     63.51      0.00     28.42      4.21      0.00      3.86
11:06:23        all     63.17      0.00     27.99      4.96      0.00      3.88
11:07:23        all     64.98      0.00     26.72      5.00      0.00      3.31
11:08:23        all     66.04      0.00     26.44      3.79      0.00      3.73
11:09:23        all     64.15      0.00     27.69      4.13      0.00      4.03
11:10:23        all     64.94      0.00     27.01      3.96      0.00      4.10
11:11:23        all     61.66      0.00     27.73      7.12      0.00      3.48
11:12:23        all     65.01      0.00     27.03      3.95      0.00      4.01
11:13:23        all     64.87      0.00     26.95      4.06      0.00      4.12
11:14:23        all     63.81      0.00     27.97      4.22      0.00      4.01
11:15:23        all     61.29      0.00     28.04      7.26      0.00      3.42
11:16:23        all     64.82      0.00     27.24      3.98      0.00      3.96
11:17:23        all     65.14      0.00     26.85      3.97      0.00      4.04
11:18:23        all     63.84      0.00     27.99      4.26      0.00      3.91
11:19:23        all     62.97      0.00     27.83      5.62      0.00      3.58
11:20:23        all     64.82      0.00     27.18      4.02      0.00      3.97
11:21:23        all     61.91      0.00     28.49      6.11      0.00      3.49
11:22:23        all     64.95      0.00     27.14      3.89      0.00      4.02
11:23:23        all     64.83      0.00     27.10      4.08      0.00      3.99
11:24:23        all     63.84      0.00     27.96      4.33      0.00      3.87
11:25:23        all     62.70      0.00     27.80      5.85      0.00      3.65
11:26:23        all     65.02      0.00     26.92      3.96      0.00      4.10
11:27:23        all     64.89      0.00     26.95      4.21      0.00      3.95
11:28:23        all     63.90      0.00     28.09      4.05      0.00      3.95
11:29:23        all     64.96      0.00     27.12      3.91      0.00      4.01
11:30:23        all     62.62      0.00     27.81      5.95      0.00      3.63
11:31:23        all     64.82      0.00     26.98      4.19      0.00      4.02
11:32:23        all     64.77      0.00     27.25      3.97      0.00      4.01
11:33:23        all     63.81      0.00     27.98      4.16      0.00      4.05
11:34:23        all     62.02      0.00     27.87      6.57      0.00      3.54
11:35:23        all     65.13      0.00     26.89      3.92      0.00      4.06
11:36:23        all     64.88      0.00     26.96      4.09      0.00      4.07
11:37:23        all     63.66      0.00     28.10      4.32      0.00      3.91
11:38:23        all     62.09      0.00     27.99      6.34      0.00      3.58
11:39:23        all     64.56      0.00     27.37      4.08      0.00      3.99
11:40:23        all     64.96      0.00     26.86      4.10      0.00      4.08
11:41:23        all     64.14      0.00     27.82      4.06      0.00      3.97
11:42:23        all     64.81      0.00     27.04      4.03      0.00      4.12
11:43:23        all     62.72      0.00     27.75      5.93      0.00      3.60
11:44:23        all     65.24      0.00     26.82      3.93      0.00      4.01
11:45:23        all     65.10      0.00     26.78      4.13      0.00      3.99
11:46:23        all     63.85      0.00     28.04      4.12      0.00      3.99
11:47:23        all     63.64      0.00     27.65      4.93      0.00      3.78
11:48:23        all     63.92      0.00     27.35      4.93      0.00      3.80
11:49:23        all     64.89      0.00     26.87      4.23      0.00      4.01
11:50:23        all     63.87      0.00     27.91      4.23      0.00      3.99
