Linux 6.12.94+deb13-cloud-amd64 (madrona) 	09/08/26 	_x86_64_	(16 CPU)

13:31:02        CPU     %user     %nice   %system   %iowait    %steal     %idle
13:32:02        all     33.20      0.00      5.65      1.76      0.00     59.39
13:33:02        all     69.53      0.00      7.18      2.92      0.00     20.38
13:34:02        all     69.82      0.00      6.94      2.99      0.00     20.25
13:35:02        all     69.95      0.00      7.00      3.05      0.00     20.00
13:36:02        all     69.93      0.00      7.07      3.04      0.00     19.96
13:37:02        all     70.19      0.00      6.88      3.07      0.00     19.85
13:38:02        all     70.25      0.00      6.88      3.07      0.00     19.80
13:39:02        all     70.28      0.00      6.90      3.14      0.00     19.68
13:40:02        all     70.30      0.00      6.86      3.13      0.00     19.72
13:41:02        all     70.37      0.00      6.87      3.13      0.00     19.63
13:42:02        all     70.33      0.00      6.81      3.26      0.00     19.59
13:43:02        all     70.08      0.00      6.87      3.41      0.00     19.64
13:44:02        all     70.14      0.00      6.93      3.34      0.00     19.58
13:45:02        all     70.33      0.00      6.82      3.29      0.00     19.56
13:46:02        all     70.36      0.00      7.05      3.27      0.00     19.32
13:47:02        all     70.31      0.00      7.03      3.29      0.00     19.36
13:48:02        all     70.36      0.00      6.91      3.26      0.00     19.48
13:49:02        all     70.40      0.00      6.89      3.24      0.00     19.47
13:50:02        all     70.42      0.00      6.85      3.23      0.00     19.50
13:51:02        all     70.45      0.00      6.82      3.24      0.00     19.48
13:52:02        all     70.40      0.00      6.89      3.22      0.00     19.49
13:53:02        all     70.46      0.00      6.86      3.23      0.00     19.45
13:54:02        all     70.55      0.00      6.74      3.21      0.00     19.50
13:55:02        all     70.55      0.00      6.79      3.22      0.00     19.45
13:56:02        all     70.50      0.00      6.91      3.21      0.00     19.38
13:57:02        all     70.45      0.00      6.85      3.19      0.00     19.51
13:58:02        all     70.42      0.00      6.84      3.19      0.00     19.55
13:59:02        all     70.54      0.00      6.82      3.19      0.00     19.45
14:00:02        all     70.57      0.00      6.90      3.19      0.00     19.34
14:01:02        all     70.56      0.00      6.79      3.19      0.00     19.47
14:02:02        all     70.45      0.00      6.92      3.17      0.00     19.46
14:03:02        all     70.52      0.00      6.93      3.16      0.00     19.39
14:04:02        all     70.56      0.00      6.82      3.20      0.00     19.42
14:05:02        all     70.50      0.00      6.88      3.19      0.00     19.43
14:06:02        all     70.51      0.00      6.86      3.16      0.00     19.47
14:07:02        all     70.52      0.00      6.86      3.17      0.00     19.45
14:08:02        all     70.57      0.00      6.76      3.17      0.00     19.50
14:09:02        all     70.58      0.00      6.85      3.21      0.00     19.37
14:10:02        all     70.59      0.00      6.81      3.15      0.00     19.44
14:11:02        all     70.55      0.00      6.82      3.15      0.00     19.47
14:12:02        all     70.43      0.00      6.89      3.26      0.00     19.42
14:13:02        all     70.09      0.00      6.94      3.42      0.00     19.56
14:14:02        all     70.24      0.00      6.89      3.34      0.00     19.52
14:15:02        all     70.30      0.00      6.87      3.30      0.00     19.54
14:16:02        all     70.46      0.00      6.77      3.27      0.00     19.50
14:17:02        all     70.29      0.00      6.89      3.26      0.00     19.56
14:18:02        all     70.42      0.00      6.83      3.25      0.00     19.51
14:19:02        all     70.46      0.00      6.83      3.26      0.00     19.46
14:20:02        all     70.49      0.00      6.86      3.23      0.00     19.41
14:21:02        all     70.44      0.00      6.83      3.21      0.00     19.51
14:22:02        all     70.38      0.00      6.93      3.20      0.00     19.49
14:23:02        all     70.42      0.00      6.85      3.21      0.00     19.51
14:24:02        all     70.49      0.00      6.78      3.23      0.00     19.50
14:25:02        all     70.48      0.00      6.87      3.22      0.00     19.43
14:26:02        all     70.50      0.00      6.86      3.20      0.00     19.43
14:27:02        all     70.49      0.00      6.88      3.23      0.00     19.40
14:28:02        all     70.51      0.00      6.85      3.18      0.00     19.45
14:29:02        all     70.52      0.00      6.79      3.20      0.00     19.49
14:30:02        all     70.51      0.00      6.81      3.19      0.00     19.49
14:31:02        all     70.53      0.00      6.84      3.20      0.00     19.43
14:32:02        all     70.50      0.00      6.87      3.18      0.00     19.45
