Linux 6.12.94+deb13-cloud-amd64 (madrona) 	09/09/26 	_x86_64_	(16 CPU)

01:01:57        CPU     %user     %nice   %system   %iowait    %steal     %idle
01:02:57        all     51.25      0.00      8.16      1.46      0.00     39.12
01:03:57        all     92.06      0.00      7.07      0.25      0.00      0.62
01:04:57        all     92.99      0.00      6.24      0.22      0.00      0.56
01:05:57        all     93.00      0.00      6.22      0.22      0.00      0.56
01:06:57        all     92.93      0.00      6.28      0.21      0.00      0.57
01:07:57        all     93.01      0.00      6.22      0.22      0.00      0.56
01:08:57        all     93.17      0.00      6.06      0.21      0.00      0.56
01:09:57        all     93.19      0.00      6.06      0.21      0.00      0.55
01:10:57        all     93.10      0.00      6.13      0.21      0.00      0.56
01:11:57        all     93.17      0.00      6.06      0.21      0.00      0.55
01:12:57        all     92.82      0.00      6.30      0.23      0.00      0.65
01:13:57        all     93.05      0.00      6.12      0.22      0.00      0.60
01:14:57        all     93.12      0.00      6.07      0.21      0.00      0.59
01:15:57        all     93.03      0.00      6.15      0.22      0.00      0.59
01:16:57        all     93.03      0.00      6.16      0.22      0.00      0.59
01:17:57        all     93.21      0.00      6.01      0.21      0.00      0.57
01:18:57        all     93.17      0.00      6.03      0.21      0.00      0.58
01:19:57        all     93.17      0.00      6.06      0.21      0.00      0.56
01:20:57        all     93.20      0.00      6.01      0.22      0.00      0.57
01:21:57        all     93.27      0.00      5.97      0.20      0.00      0.55
01:22:57        all     93.21      0.00      6.05      0.20      0.00      0.54
01:23:57        all     93.28      0.00      5.95      0.20      0.00      0.57
01:24:57        all     93.23      0.00      6.02      0.20      0.00      0.55
01:25:57        all     93.23      0.00      6.01      0.20      0.00      0.56
01:26:57        all     93.22      0.00      6.03      0.20      0.00      0.54
01:27:57        all     93.44      0.00      5.80      0.20      0.00      0.57
01:28:57        all     93.33      0.00      5.93      0.20      0.00      0.55
01:29:57        all     93.18      0.00      6.05      0.20      0.00      0.57
01:30:57        all     93.24      0.00      6.03      0.19      0.00      0.54
01:31:57        all     93.15      0.00      6.07      0.20      0.00      0.57
01:32:57        all     93.24      0.00      6.01      0.19      0.00      0.56
01:33:57        all     93.22      0.00      6.02      0.20      0.00      0.56
01:34:57        all     93.28      0.00      5.98      0.19      0.00      0.55
01:35:57        all     93.21      0.00      6.01      0.21      0.00      0.57
01:36:57        all     93.32      0.00      5.93      0.20      0.00      0.55
01:37:57        all     93.32      0.00      5.94      0.20      0.00      0.55
01:38:57        all     93.21      0.00      6.05      0.20      0.00      0.53
01:39:57        all     93.30      0.00      5.93      0.19      0.00      0.57
01:40:57        all     93.26      0.00      5.99      0.20      0.00      0.55
01:41:57        all     93.26      0.00      5.97      0.20      0.00      0.57
01:42:57        all     93.01      0.00      6.14      0.22      0.00      0.63
01:43:57        all     93.09      0.00      6.09      0.20      0.00      0.61
01:44:57        all     93.17      0.00      6.02      0.21      0.00      0.59
01:45:57        all     93.23      0.00      6.00      0.20      0.00      0.57
01:46:57        all     93.21      0.00      6.03      0.20      0.00      0.56
01:47:57        all     93.22      0.00      5.99      0.20      0.00      0.58
01:48:57        all     93.18      0.00      6.04      0.20      0.00      0.58
01:49:57        all     93.20      0.00      6.03      0.19      0.00      0.57
01:50:57        all     93.34      0.00      5.89      0.20      0.00      0.57
01:51:57        all     93.21      0.00      6.03      0.20      0.00      0.56
01:52:57        all     93.35      0.00      5.90      0.18      0.00      0.57
01:53:57        all     93.28      0.00      5.95      0.19      0.00      0.58
01:54:57        all     93.29      0.00      5.93      0.19      0.00      0.58
01:55:57        all     93.29      0.00      5.93      0.19      0.00      0.58
01:56:57        all     93.22      0.00      6.03      0.19      0.00      0.56
01:57:57        all     93.14      0.00      6.12      0.19      0.00      0.55
01:58:57        all     93.14      0.00      6.12      0.19      0.00      0.56
01:59:57        all     93.35      0.00      5.92      0.19      0.00      0.55
02:00:57        all     93.37      0.00      5.90      0.18      0.00      0.55
02:01:57        all     93.29      0.00      5.96      0.19      0.00      0.56
02:02:57        all     93.32      0.00      5.94      0.19      0.00      0.56
