Linux 6.12.94+deb13-cloud-amd64 (madrona) 	09/10/26 	_x86_64_	(16 CPU)

20:53:50        CPU     %user     %nice   %system   %iowait    %steal     %idle
20:54:50        all     36.52      0.00     22.42      8.35      0.00     32.71
20:55:50        all     60.79      0.00     31.45      3.95      0.00      3.81
20:56:50        all     61.81      0.00     28.50      5.93      0.00      3.76
20:57:50        all     64.19      0.00     27.94      3.78      0.00      4.10
20:58:50        all     64.35      0.00     27.42      4.14      0.00      4.09
20:59:50        all     63.41      0.00     28.18      4.39      0.00      4.02
21:00:50        all     64.48      0.00     27.29      4.13      0.00      4.10
21:01:50        all     63.47      0.00     28.14      4.45      0.00      3.94
21:02:50        all     64.73      0.00     27.03      4.22      0.00      4.02
21:03:50        all     63.36      0.00     27.95      4.91      0.00      3.78
21:04:50        all     64.82      0.00     26.78      4.44      0.00      3.96
21:05:50        all     64.69      0.00     27.06      4.09      0.00      4.16
21:06:50        all     64.10      0.00     27.62      4.27      0.00      4.01
21:07:50        all     62.87      0.00     27.33      6.06      0.00      3.75
21:08:50        all     64.69      0.00     26.89      4.20      0.00      4.22
21:09:50        all     64.67      0.00     26.74      4.33      0.00      4.27
21:10:50        all     63.71      0.00     27.70      4.39      0.00      4.20
21:11:50        all     64.54      0.00     26.93      4.12      0.00      4.41
21:12:50        all     62.51      0.00     27.63      5.69      0.00      4.16
21:13:50        all     64.62      0.00     26.90      4.24      0.00      4.23
21:14:50        all     65.02      0.00     26.62      4.01      0.00      4.35
21:15:50        all     63.73      0.00     27.67      4.46      0.00      4.13
21:16:50        all     63.35      0.00     27.46      5.23      0.00      3.97
21:17:50        all     64.32      0.00     27.17      4.21      0.00      4.30
21:18:50        all     64.74      0.00     26.68      4.29      0.00      4.29
21:19:50        all     64.05      0.00     27.29      4.46      0.00      4.20
21:20:50        all     64.73      0.00     26.84      4.07      0.00      4.36
21:21:50        all     63.19      0.00     27.62      4.89      0.00      4.30
21:22:50        all     64.94      0.00     26.56      4.09      0.00      4.40
21:23:50        all     64.75      0.00     26.61      4.32      0.00      4.33
21:24:50        all     63.77      0.00     27.51      4.54      0.00      4.17
21:25:50        all     64.68      0.00     26.78      4.15      0.00      4.39
21:26:50        all     63.06      0.00     28.06      4.66      0.00      4.21
21:27:50        all     64.79      0.00     26.55      4.27      0.00      4.39
21:28:50        all     63.77      0.00     27.71      4.51      0.00      4.01
21:29:50        all     64.87      0.00     26.67      4.37      0.00      4.09
21:30:50        all     63.56      0.00     28.14      4.39      0.00      3.91
21:31:50        all     65.12      0.00     26.65      4.14      0.00      4.09
21:32:50        all     63.12      0.00     28.06      4.68      0.00      4.15
21:33:50        all     64.92      0.00     26.75      4.20      0.00      4.13
21:34:50        all     63.49      0.00     28.02      4.59      0.00      3.90
21:35:50        all     65.00      0.00     26.81      4.06      0.00      4.12
21:36:50        all     64.97      0.00     26.96      4.02      0.00      4.05
21:37:50        all     64.07      0.00     27.58      4.42      0.00      3.92
21:38:50        all     65.10      0.00     26.71      4.08      0.00      4.11
21:39:50        all     63.27      0.00     27.68      5.26      0.00      3.79
21:40:50        all     64.96      0.00     26.85      4.14      0.00      4.05
21:41:50        all     65.03      0.00     26.58      4.10      0.00      4.29
21:42:50        all     64.06      0.00     27.57      4.34      0.00      4.03
21:43:50        all     65.17      0.00     26.54      4.18      0.00      4.11
21:44:50        all     63.39      0.00     28.19      4.26      0.00      4.15
21:45:50        all     64.99      0.00     26.59      4.36      0.00      4.06
21:46:50        all     64.27      0.00     27.65      4.17      0.00      3.92
21:47:50        all     64.90      0.00     26.86      4.05      0.00      4.19
21:48:50        all     63.73      0.00     28.03      4.40      0.00      3.84
21:49:50        all     65.06      0.00     26.80      3.89      0.00      4.24
21:50:50        all     65.21      0.00     26.61      4.13      0.00      4.05
21:51:50        all     63.83      0.00     27.58      4.37      0.00      4.22
21:52:50        all     64.93      0.00     26.84      4.13      0.00      4.09
21:53:50        all     63.29      0.00     28.32      4.52      0.00      3.86
21:54:50        all     64.90      0.00     26.73      4.25      0.00      4.12
