Linux 6.12.94+deb13-cloud-amd64 (madrona) 	09/08/26 	_x86_64_	(16 CPU)

12:28:24        CPU     %user     %nice   %system   %iowait    %steal     %idle
12:29:24        all     31.09      0.00      5.44      1.80      0.00     61.66
12:30:24        all     63.45      0.00      6.83      3.01      0.00     26.72
12:31:24        all     63.78      0.00      6.71      3.07      0.00     26.44
12:32:24        all     63.84      0.00      6.61      3.11      0.00     26.44
12:33:24        all     63.92      0.00      6.58      3.13      0.00     26.36
12:34:24        all     64.07      0.00      6.54      3.18      0.00     26.21
12:35:24        all     64.11      0.00      6.50      3.20      0.00     26.18
12:36:24        all     64.12      0.00      6.58      3.19      0.00     26.11
12:37:24        all     64.22      0.00      6.55      3.19      0.00     26.03
12:38:24        all     64.23      0.00      6.58      3.27      0.00     25.91
12:39:24        all     64.20      0.00      6.58      3.25      0.00     25.97
12:40:24        all     64.32      0.00      6.50      3.26      0.00     25.92
12:41:24        all     64.29      0.00      6.57      3.26      0.00     25.89
12:42:24        all     64.03      0.00      6.61      3.50      0.00     25.86
12:43:24        all     64.07      0.00      6.49      3.51      0.00     25.92
12:44:24        all     64.15      0.00      6.52      3.50      0.00     25.83
12:45:24        all     64.22      0.00      6.49      3.43      0.00     25.86
12:46:24        all     64.13      0.00      6.60      3.40      0.00     25.87
12:47:24        all     64.26      0.00      6.50      3.39      0.00     25.84
12:48:24        all     64.24      0.00      6.51      3.38      0.00     25.87
12:49:24        all     64.16      0.00      6.55      3.35      0.00     25.94
12:50:24        all     64.16      0.00      6.61      3.36      0.00     25.87
12:51:24        all     64.30      0.00      6.53      3.35      0.00     25.81
12:52:24        all     64.24      0.00      6.78      3.32      0.00     25.66
12:53:24        all     64.23      0.00      6.66      3.32      0.00     25.79
12:54:24        all     64.22      0.00      6.66      3.34      0.00     25.77
12:55:24        all     64.28      0.00      6.62      3.34      0.00     25.76
12:56:24        all     64.32      0.00      6.57      3.35      0.00     25.77
12:57:24        all     64.29      0.00      6.59      3.32      0.00     25.80
12:58:24        all     64.33      0.00      6.58      3.33      0.00     25.75
12:59:24        all     64.30      0.00      6.56      3.31      0.00     25.83
13:00:24        all     64.26      0.00      6.80      3.31      0.00     25.63
13:01:24        all     64.46      0.00      6.58      3.34      0.00     25.62
13:02:24        all     64.40      0.00      6.62      3.32      0.00     25.66
13:03:24        all     64.26      0.00      6.61      3.30      0.00     25.82
13:04:24        all     64.28      0.00      6.57      3.28      0.00     25.88
13:05:24        all     64.31      0.00      6.54      3.33      0.00     25.82
13:06:24        all     64.27      0.00      6.65      3.31      0.00     25.77
13:07:24        all     64.34      0.00      6.59      3.26      0.00     25.81
13:08:24        all     64.37      0.00      6.55      3.31      0.00     25.78
13:09:24        all     64.31      0.00      6.61      3.30      0.00     25.79
13:10:24        all     64.32      0.00      6.55      3.27      0.00     25.87
13:11:24        all     64.36      0.00      6.51      3.26      0.00     25.88
13:12:24        all     63.98      0.00      6.61      3.51      0.00     25.89
13:13:24        all     63.99      0.00      6.54      3.50      0.00     25.97
13:14:24        all     64.13      0.00      6.51      3.44      0.00     25.92
13:15:24        all     64.14      0.00      6.51      3.39      0.00     25.95
13:16:24        all     64.21      0.00      6.49      3.37      0.00     25.94
13:17:24        all     64.22      0.00      6.49      3.38      0.00     25.91
13:18:24        all     64.29      0.00      6.45      3.35      0.00     25.91
13:19:24        all     64.31      0.00      6.49      3.33      0.00     25.87
13:20:24        all     64.29      0.00      6.49      3.34      0.00     25.87
13:21:24        all     64.22      0.00      6.58      3.33      0.00     25.88
13:22:24        all     64.27      0.00      6.56      3.31      0.00     25.86
13:23:24        all     64.34      0.00      6.49      3.29      0.00     25.88
13:24:24        all     64.27      0.00      6.52      3.30      0.00     25.91
13:25:24        all     64.34      0.00      6.51      3.28      0.00     25.87
13:26:24        all     64.37      0.00      6.49      3.27      0.00     25.87
13:27:24        all     64.37      0.00      6.45      3.26      0.00     25.91
13:28:24        all     64.30      0.00      6.56      3.29      0.00     25.85
13:29:24        all     64.42      0.00      6.53      3.30      0.00     25.76
