Linux 6.12.94+deb13-cloud-amd64 (madrona) 	09/10/26 	_x86_64_	(16 CPU)

19:51:20        CPU     %user     %nice   %system   %iowait    %steal     %idle
19:52:20        all     40.83      0.00     22.49      8.10      0.00     28.59
19:53:20        all     62.25      0.00     30.23      3.62      0.00      3.90
19:54:20        all     62.81      0.00     28.90      4.23      0.00      4.06
19:55:20        all     62.30      0.00     27.98      6.04      0.00      3.68
19:56:20        all     64.44      0.00     27.28      4.15      0.00      4.14
19:57:20        all     64.72      0.00     27.18      3.97      0.00      4.13
19:58:20        all     63.76      0.00     27.77      4.33      0.00      4.14
19:59:20        all     64.72      0.00     26.90      4.18      0.00      4.20
20:00:20        all     63.17      0.00     27.50      5.49      0.00      3.85
20:01:20        all     64.72      0.00     26.92      4.25      0.00      4.11
20:02:20        all     64.03      0.00     27.68      4.21      0.00      4.09
20:03:20        all     64.73      0.00     27.13      3.98      0.00      4.16
20:04:20        all     61.97      0.00     27.22      7.21      0.00      3.60
20:05:20        all     64.64      0.00     26.91      4.26      0.00      4.20
20:06:20        all     65.24      0.00     26.59      4.05      0.00      4.11
20:07:20        all     63.90      0.00     27.39      4.48      0.00      4.24
20:08:20        all     64.89      0.00     26.74      4.23      0.00      4.14
20:09:20        all     63.72      0.00     27.78      4.54      0.00      3.95
20:10:20        all     64.60      0.00     26.91      4.32      0.00      4.17
20:11:20        all     65.21      0.00     27.06      3.94      0.00      3.79
20:12:20        all     66.43      0.00     26.09      3.56      0.00      3.91
20:13:20        all     63.74      0.00     27.75      4.51      0.00      3.99
20:14:20        all     66.21      0.00     26.06      3.74      0.00      3.98
20:15:20        all     64.61      0.00     27.22      4.43      0.00      3.74
20:16:20        all     64.88      0.00     26.81      4.19      0.00      4.13
20:17:20        all     63.82      0.00     27.77      4.44      0.00      3.97
20:18:20        all     64.72      0.00     27.00      4.08      0.00      4.19
20:19:20        all     63.33      0.00     27.99      4.62      0.00      4.06
20:20:20        all     64.87      0.00     26.90      4.23      0.00      4.00
20:21:20        all     63.64      0.00     27.92      4.56      0.00      3.88
20:22:20        all     64.76      0.00     27.02      4.13      0.00      4.09
20:23:20        all     63.25      0.00     28.07      4.57      0.00      4.11
20:24:20        all     64.89      0.00     26.78      4.38      0.00      3.95
20:25:20        all     63.82      0.00     27.81      4.45      0.00      3.92
20:26:20        all     64.89      0.00     26.90      4.11      0.00      4.10
20:27:20        all     63.20      0.00     28.05      4.72      0.00      4.03
20:28:20        all     64.78      0.00     26.71      4.46      0.00      4.05
20:29:20        all     63.58      0.00     27.99      4.50      0.00      3.92
20:30:20        all     64.97      0.00     26.93      4.06      0.00      4.04
20:31:20        all     63.68      0.00     27.90      4.52      0.00      3.91
20:32:20        all     64.17      0.00     27.03      4.83      0.00      3.97
20:33:20        all     63.30      0.00     27.31      5.47      0.00      3.91
20:34:20        all     64.80      0.00     26.74      4.35      0.00      4.10
20:35:20        all     64.13      0.00     27.35      4.44      0.00      4.08
20:36:20        all     65.19      0.00     26.63      4.09      0.00      4.10
20:37:20        all     64.93      0.00     26.74      4.25      0.00      4.08
20:38:20        all     64.24      0.00     27.40      4.36      0.00      4.00
20:39:20        all     65.25      0.00     26.50      4.11      0.00      4.14
20:40:20        all     63.82      0.00     27.91      4.28      0.00      4.00
20:41:20        all     64.90      0.00     26.49      4.47      0.00      4.13
20:42:20        all     65.18      0.00     26.55      4.09      0.00      4.18
20:43:20        all     64.38      0.00     27.25      4.38      0.00      3.99
20:44:20        all     65.04      0.00     26.54      4.23      0.00      4.19
20:45:20        all     63.42      0.00     27.12      4.25      0.00      5.21
20:46:20        all     63.52      0.00     27.22      5.49      0.00      3.77
20:47:20        all     65.33      0.00     26.47      4.11      0.00      4.08
20:48:20        all     65.13      0.00     26.57      4.24      0.00      4.06
20:49:20        all     64.13      0.00     27.44      4.53      0.00      3.91
20:50:20        all     65.25      0.00     26.58      4.02      0.00      4.16
20:51:20        all     63.37      0.00     27.49      5.22      0.00      3.91
20:52:20        all     64.94      0.00     26.69      4.33      0.00      4.05
