Linux 6.12.94+deb13-cloud-amd64 (madrona) 	09/12/26 	_x86_64_	(16 CPU)

00:43:46        CPU     %user     %nice   %system   %iowait    %steal     %idle
00:44:46        all     32.52      0.00     22.69     11.34      0.00     33.45
00:45:46        all     44.09      0.00     28.99     24.73      0.00      2.19
00:46:46        all     47.18      0.00     26.25     24.11      0.00      2.45
00:47:46        all     36.09      0.00     22.27     39.23      0.00      2.41
00:48:46        all     55.11      0.00     29.03     13.44      0.00      2.43
00:49:46        all     39.05      0.00     23.36     35.52      0.00      2.07
00:50:46        all     58.57      0.00     30.09      8.40      0.00      2.94
00:51:46        all     40.44      0.00     23.29     34.02      0.00      2.25
00:52:46        all     59.87      0.00     29.23      7.88      0.00      3.02
00:53:46        all     39.30      0.00     22.49     35.75      0.00      2.46
00:54:46        all     58.72      0.00     28.72      9.69      0.00      2.87
00:55:46        all     45.79      0.00     24.70     26.90      0.00      2.62
00:56:46        all     50.14      0.00     25.71     21.70      0.00      2.45
00:57:46        all     48.42      0.00     25.76     23.11      0.00      2.71
00:58:46        all     46.47      0.00     24.33     26.65      0.00      2.54
00:59:46        all     52.12      0.00     27.08     17.96      0.00      2.84
01:00:46        all     40.26      0.00     22.02     35.34      0.00      2.38
01:01:46        all     56.00      0.00     28.36     12.69      0.00      2.96
01:02:46        all     35.58      0.00     19.75     42.29      0.00      2.38
01:03:46        all     58.51      0.00     29.28      9.13      0.00      3.08
01:04:46        all     29.35      0.00     17.75     50.97      0.00      1.93
01:05:46        all     57.89      0.00     29.61      9.66      0.00      2.84
01:06:46        all     40.75      0.00     21.96     34.91      0.00      2.38
01:07:46        all     52.73      0.00     28.04     16.63      0.00      2.60
01:08:46        all     48.78      0.00     25.64     23.16      0.00      2.43
01:09:46        all     57.29      0.00     28.82     10.81      0.00      3.09
01:10:46        all     38.83      0.00     21.75     37.24      0.00      2.18
01:11:46        all     59.82      0.00     29.27      7.74      0.00      3.17
01:12:46        all     39.61      0.00     21.70     36.48      0.00      2.21
01:13:46        all     60.15      0.00     29.17      7.50      0.00      3.17
01:14:46        all     36.79      0.00     21.17     39.81      0.00      2.23
01:15:46        all     59.13      0.00     29.20      8.72      0.00      2.95
01:16:46        all     39.96      0.00     22.53     35.19      0.00      2.32
01:17:46        all     52.18      0.00     26.06     19.17      0.00      2.59
01:18:46        all     42.01      0.00     23.27     32.22      0.00      2.50
01:19:46        all     55.56      0.00     27.52     14.33      0.00      2.59
01:20:46        all     43.08      0.00     23.38     30.90      0.00      2.64
01:21:46        all     53.00      0.00     26.69     17.83      0.00      2.48
01:22:46        all     47.05      0.00     25.09     25.19      0.00      2.67
01:23:46        all     49.23      0.00     25.36     22.91      0.00      2.50
01:24:46        all     52.17      0.00     26.78     18.28      0.00      2.77
01:25:46        all     45.28      0.00     23.73     28.56      0.00      2.44
01:26:46        all     57.32      0.00     28.44     11.26      0.00      2.98
01:27:46        all     40.11      0.00     22.32     35.28      0.00      2.28
01:28:46        all     60.17      0.00     28.96      7.65      0.00      3.22
01:29:46        all     37.50      0.00     21.45     38.85      0.00      2.20
01:30:46        all     59.63      0.00     28.87      8.52      0.00      2.97
01:31:46        all     40.90      0.00     22.67     34.22      0.00      2.20
01:32:46        all     58.84      0.00     28.59      9.60      0.00      2.96
01:33:46        all     38.30      0.00     21.74     37.43      0.00      2.53
01:34:46        all     58.46      0.00     28.32     10.41      0.00      2.80
01:35:46        all     43.49      0.00     23.63     30.32      0.00      2.56
01:36:46        all     48.57      0.00     24.71     24.32      0.00      2.40
01:37:46        all     47.68      0.00     25.53     24.19      0.00      2.59
01:38:46        all     47.69      0.00     24.70     25.17      0.00      2.44
01:39:46        all     52.25      0.00     26.58     18.31      0.00      2.85
01:40:46        all     41.35      0.00     22.01     34.15      0.00      2.49
01:41:46        all     56.37      0.00     28.47     12.13      0.00      3.03
01:42:46        all     43.18      0.00     23.00     31.55      0.00      2.26
01:43:46        all     60.82      0.00     29.25      6.57      0.00      3.36
01:44:46        all     39.84      0.00     22.44     35.49      0.00      2.23
