Linux 6.12.94+deb13-cloud-amd64 (madrona) 	09/08/26 	_x86_64_	(16 CPU)

16:39:11        CPU     %user     %nice   %system   %iowait    %steal     %idle
16:40:11        all     39.69      0.00      6.52      1.86      0.00     51.94
16:41:11        all     86.07      0.00      7.33      2.23      0.00      4.36
16:42:11        all     85.93      0.00      7.27      2.32      0.00      4.47
16:43:11        all     85.69      0.00      7.29      2.39      0.00      4.64
16:44:11        all     85.91      0.00      7.22      2.35      0.00      4.52
16:45:11        all     86.18      0.00      7.18      2.30      0.00      4.34
16:46:11        all     86.54      0.00      7.16      2.17      0.00      4.14
16:47:11        all     86.96      0.00      7.23      1.99      0.00      3.82
16:48:11        all     86.58      0.00      7.17      2.20      0.00      4.05
16:49:11        all     86.38      0.00      7.18      2.27      0.00      4.17
16:50:11        all     86.53      0.00      7.04      2.27      0.00      4.16
16:51:11        all     86.55      0.00      7.11      2.26      0.00      4.08
16:52:11        all     86.62      0.00      7.07      2.24      0.00      4.06
16:53:11        all     86.55      0.00      7.12      2.26      0.00      4.06
16:54:11        all     86.51      0.00      7.16      2.27      0.00      4.05
16:55:11        all     86.55      0.00      7.13      2.26      0.00      4.05
16:56:11        all     86.54      0.00      7.16      2.25      0.00      4.05
16:57:11        all     86.66      0.00      7.09      2.23      0.00      4.02
16:58:11        all     86.71      0.00      7.04      2.21      0.00      4.03
16:59:11        all     86.59      0.00      7.13      2.21      0.00      4.07
17:00:11        all     86.58      0.00      7.13      2.23      0.00      4.05
17:01:11        all     86.73      0.00      7.02      2.23      0.00      4.02
17:02:11        all     86.67      0.00      7.08      2.23      0.00      4.02
17:03:11        all     86.67      0.00      7.10      2.22      0.00      4.00
17:04:11        all     86.67      0.00      7.09      2.22      0.00      4.02
17:05:11        all     86.61      0.00      7.25      2.20      0.00      3.94
17:06:11        all     86.67      0.00      7.12      2.21      0.00      4.00
17:07:11        all     86.83      0.00      7.00      2.23      0.00      3.94
17:08:11        all     86.73      0.00      7.06      2.21      0.00      3.99
17:09:11        all     86.61      0.00      7.16      2.24      0.00      4.00
17:10:11        all     86.69      0.00      7.08      2.21      0.00      4.02
17:11:11        all     86.80      0.00      7.06      2.21      0.00      3.93
17:12:11        all     86.35      0.00      7.15      2.29      0.00      4.20
17:13:12        all     86.18      0.00      7.03      2.34      0.00      4.44
17:14:12        all     86.31      0.00      7.06      2.30      0.00      4.33
17:15:12        all     86.40      0.00      7.13      2.29      0.00      4.18
17:16:12        all     86.46      0.00      7.11      2.29      0.00      4.14
17:17:12        all     86.54      0.00      7.06      2.26      0.00      4.15
17:18:12        all     86.53      0.00      7.06      2.26      0.00      4.15
17:19:12        all     86.52      0.00      7.08      2.25      0.00      4.14
17:20:12        all     86.58      0.00      7.06      2.25      0.00      4.11
17:21:12        all     86.57      0.00      7.07      2.25      0.00      4.11
17:22:12        all     86.67      0.00      7.05      2.25      0.00      4.03
17:23:12        all     86.65      0.00      7.03      2.25      0.00      4.07
17:24:12        all     86.57      0.00      7.08      2.24      0.00      4.11
17:25:12        all     86.65      0.00      7.05      2.24      0.00      4.06
17:26:12        all     86.71      0.00      7.00      2.22      0.00      4.07
17:27:12        all     86.71      0.00      7.04      2.21      0.00      4.05
17:28:12        all     86.70      0.00      7.10      2.20      0.00      4.00
17:29:12        all     86.64      0.00      7.10      2.21      0.00      4.05
17:30:12        all     86.69      0.00      7.04      2.23      0.00      4.04
17:31:12        all     86.76      0.00      7.04      2.20      0.00      4.00
17:32:12        all     86.71      0.00      7.06      2.19      0.00      4.03
17:33:12        all     86.74      0.00      7.05      2.19      0.00      4.02
17:34:12        all     86.86      0.10      7.02      2.15      0.00      3.87
17:35:12        all     86.78      0.00      7.07      2.18      0.00      3.97
17:36:12        all     86.72      0.00      7.11      2.21      0.00      3.96
17:37:12        all     86.67      0.00      7.09      2.21      0.00      4.04
17:38:12        all     86.69      0.00      7.11      2.19      0.00      4.00
17:39:12        all     86.68      0.00      7.09      2.21      0.00      4.01
17:40:12        all     86.79      0.00      6.99      2.21      0.00      4.01
